0 0
0.005 0
0.01 0
0.015 0
0.02 0
0.025 0
0.03 0
0.035 0
0.04 0
0.045 0
0.05 0
0.055 0
0.06 0
0.065 0
0.07 0
0.075 0
0.08 0
0.085 0
0.09 0
0.095 0
0.1 0
0.105 -0
0.11 -0
0.115 -0
0.12 -0
0.125 -0
0.13 -0
0.135 -0
0.14 -0
0.145 -0
0.15 -0
0.155 -0
0.16 -0
0.165 -0
0.17 -0
0.175 -0
0.18 -0
0.185 -0
0.19 -0
0.195 -0
0.2 -0
0.205 0
0.21 0
0.215 0
0.22 0
0.225 0
0.23 0
0.235 0
0.24 0
0.245 0
0.25 0
0.255 0
0.26 0
0.265 0
0.27 0
0.275 0
0.28 0
0.285 0
0.29 0
0.295 0
0.3 0
0.305 -0
0.31 -0
0.315 -0
0.32 -0
0.325 -0
0.33 -0
0.335 -0
0.34 -0
0.345 -0
0.35 -0
0.355 -0
0.36 -0
0.365 -0
0.37 -0
0.375 -0
0.38 -0
0.385 -0
0.39 -0
0.395 -0
0.4 -0
0.405 0
0.41 0
0.415 0
0.42 0
0.425 0
0.43 0
0.435 0
0.44 0
0.445 0
0.45 0
0.455 0
0.46 0
0.465 0
0.47 0
0.475 0
0.48 0
0.485 0
0.49 0
0.495 0
0.5 0
0.505 -0
0.51 -0
0.515 -0
0.52 -0
0.525 -0
0.53 -0
0.535 -0
0.54 -0
0.545 -0
0.55 -0
0.555 -0
0.56 -0
0.565 -0
0.57 -0
0.575 -0
0.58 -0
0.585 -0
0.59 -0
0.595 -0
0.6 -0
0.605 0
0.61 0
0.615 0
0.62 0
0.625 0
0.63 0
0.635 0
0.64 0
0.645 0
0.65 0
0.655 0
0.66 0
0.665 0
0.67 0
0.675 0
0.68 0
0.685 0
0.69 0
0.695 0
0.7 -0
0.705 -0
0.71 -0
0.715 -0
0.72 -0
0.725 -0
0.73 -0
0.735 -0
0.74 -0
0.745 -0
0.75 -0
0.755 -0
0.76 -0
0.765 -0
0.77 -0
0.775 -0
0.78 -0
0.785 -0
0.79 -0
0.795 -0
0.8 -0
0.805 0
0.81 0
0.815 0
0.82 0
0.825 0
0.83 0
0.835 0
0.84 0
0.845 0
0.85 0
0.855 0
0.86 0
0.865 0
0.87 0
0.875 0
0.88 0
0.885 0
0.89 0
0.895 0
0.9 0
0.905 -0
0.91 -0
0.915 -0
0.92 -0
0.925 -0
0.93 -0
0.935 -0
0.94 -0
0.945 -0
0.95 -0
0.955 -0
0.96 -0
0.965 -0
0.97 -0
0.975 -0
0.98 -0
0.985 -0
0.99 -0
0.995 -0
1 -1.22461e-15
1.005 0.156434
1.01 0.309017
1.015 0.45399
1.02 0.587785
1.025 0.707107
1.03 0.809017
1.035 0.891007
1.04 0.951057
1.045 0.987688
1.05 1
1.055 0.987688
1.06 0.951057
1.065 0.891007
1.07 0.809017
1.075 0.707107
1.08 0.587785
1.085 0.45399
1.09 0.309017
1.095 0.156434
1.1 -2.20565e-15
1.105 -0.156434
1.11 -0.309017
1.115 -0.45399
1.12 -0.587785
1.125 -0.707107
1.13 -0.809017
1.135 -0.891007
1.14 -0.951057
1.145 -0.987688
1.15 -1
1.155 -0.987688
1.16 -0.951057
1.165 -0.891007
1.17 -0.809017
1.175 -0.707107
1.18 -0.587785
1.185 -0.45399
1.19 -0.309017
1.195 -0.156434
1.2 -1.46953e-15
1.205 0.156434
1.21 0.309017
1.215 0.45399
1.22 0.587785
1.225 0.707107
1.23 0.809017
1.235 0.891007
1.24 0.951057
1.245 0.987688
1.25 1
1.255 0.987688
1.26 0.951057
1.265 0.891007
1.27 0.809017
1.275 0.707107
1.28 0.587785
1.285 0.45399
1.29 0.309017
1.295 0.156434
1.3 -1.96073e-15
1.305 -0.156434
1.31 -0.309017
1.315 -0.45399
1.32 -0.587785
1.325 -0.707107
1.33 -0.809017
1.335 -0.891007
1.34 -0.951057
1.345 -0.987688
1.35 -1
1.355 -0.987688
1.36 -0.951057
1.365 -0.891007
1.37 -0.809017
1.375 -0.707107
1.38 -0.587785
1.385 -0.45399
1.39 -0.309017
1.395 -0.156434
1.4 -1.71445e-15
1.405 0.156434
1.41 0.309017
1.415 0.45399
1.42 0.587785
1.425 0.707107
1.43 0.809017
1.435 0.891007
1.44 0.951057
1.445 0.987688
1.45 1
1.455 0.987688
1.46 0.951057
1.465 0.891007
1.47 0.809017
1.475 0.707107
1.48 0.587785
1.485 0.45399
1.49 0.309017
1.495 0.156434
1.5 5.38962e-15
1.505 -0.156434
1.51 -0.309017
1.515 -0.45399
1.52 -0.587785
1.525 -0.707107
1.53 -0.809017
1.535 -0.891007
1.54 -0.951057
1.545 -0.987688
1.55 -1
1.555 -0.987688
1.56 -0.951057
1.565 -0.891007
1.57 -0.809017
1.575 -0.707107
1.58 -0.587785
1.585 -0.45399
1.59 -0.309017
1.595 -0.156434
1.6 -1.95937e-15
1.605 0.156434
1.61 0.309017
1.615 0.45399
1.62 0.587785
1.625 0.707107
1.63 0.809017
1.635 0.891007
1.64 0.951057
1.645 0.987688
1.65 1
1.655 0.987688
1.66 0.951057
1.665 0.891007
1.67 0.809017
1.675 0.707107
1.68 0.587785
1.685 0.45399
1.69 0.309017
1.695 0.156434
1.7 -1.47088e-15
1.705 -0.156434
1.71 -0.309017
1.715 -0.45399
1.72 -0.587785
1.725 -0.707107
1.73 -0.809017
1.735 -0.891007
1.74 -0.951057
1.745 -0.987688
1.75 -1
1.755 -0.987688
1.76 -0.951057
1.765 -0.891007
1.77 -0.809017
1.775 -0.707107
1.78 -0.587785
1.785 -0.45399
1.79 -0.309017
1.795 -0.156434
1.8 -2.20429e-15
1.805 0.156434
1.81 0.309017
1.815 0.45399
1.82 0.587785
1.825 0.707107
1.83 0.809017
1.835 0.891007
1.84 0.951057
1.845 0.987688
1.85 1
1.855 0.987688
1.86 0.951057
1.865 0.891007
1.87 0.809017
1.875 0.707107
1.88 0.587785
1.885 0.45399
1.89 0.309017
1.895 0.156434
1.9 5.87947e-15
1.905 -0.156434
1.91 -0.309017
1.915 -0.45399
1.92 -0.587785
1.925 -0.707107
1.93 -0.809017
1.935 -0.891007
1.94 -0.951057
1.945 -0.987688
1.95 -1
1.955 -0.987688
1.96 -0.951057
1.965 -0.891007
1.97 -0.809017
1.975 -0.707107
1.98 -0.587785
1.985 -0.45399
1.99 -0.309017
1.995 -0.156434
2 -0
2.005 0
2.01 0
2.015 0
2.02 0
2.025 0
2.03 0
2.035 0
2.04 0
2.045 0
2.05 0
2.055 0
2.06 0
2.065 0
2.07 0
2.075 0
2.08 0
2.085 0
2.09 0
2.095 0
2.1 -0
2.105 -0
2.11 -0
2.115 -0
2.12 -0
2.125 -0
2.13 -0
2.135 -0
2.14 -0
2.145 -0
2.15 -0
2.155 -0
2.16 -0
2.165 -0
2.17 -0
2.175 -0
2.18 -0
2.185 -0
2.19 -0
2.195 -0
2.2 0
2.205 0
2.21 0
2.215 0
2.22 0
2.225 0
2.23 0
2.235 0
2.24 0
2.245 0
2.25 0
2.255 0
2.26 0
2.265 0
2.27 0
2.275 0
2.28 0
2.285 0
2.29 0
2.295 0
2.3 0
2.305 -0
2.31 -0
2.315 -0
2.32 -0
2.325 -0
2.33 -0
2.335 -0
2.34 -0
2.345 -0
2.35 -0
2.355 -0
2.36 -0
2.365 -0
2.37 -0
2.375 -0
2.38 -0
2.385 -0
2.39 -0
2.395 -0
2.4 -0
2.405 0
2.41 0
2.415 0
2.42 0
2.425 0
2.43 0
2.435 0
2.44 0
2.445 0
2.45 0
2.455 0
2.46 0
2.465 0
2.47 0
2.475 0
2.48 0
2.485 0
2.49 0
2.495 0
2.5 -0
2.505 -0
2.51 -0
2.515 -0
2.52 -0
2.525 -0
2.53 -0
2.535 -0
2.54 -0
2.545 -0
2.55 -0
2.555 -0
2.56 -0
2.565 -0
2.57 -0
2.575 -0
2.58 -0
2.585 -0
2.59 -0
2.595 -0
2.6 0
2.605 0
2.61 0
2.615 0
2.62 0
2.625 0
2.63 0
2.635 0
2.64 0
2.645 0
2.65 0
2.655 0
2.66 0
2.665 0
2.67 0
2.675 0
2.68 0
2.685 0
2.69 0
2.695 0
2.7 -0
2.705 -0
2.71 -0
2.715 -0
2.72 -0
2.725 -0
2.73 -0
2.735 -0
2.74 -0
2.745 -0
2.75 -0
2.755 -0
2.76 -0
2.765 -0
2.77 -0
2.775 -0
2.78 -0
2.785 -0
2.79 -0
2.795 -0
2.8 -0
2.805 0
2.81 0
2.815 0
2.82 0
2.825 0
2.83 0
2.835 0
2.84 0
2.845 0
2.85 0
2.855 0
2.86 0
2.865 0
2.87 0
2.875 0
2.88 0
2.885 0
2.89 0
2.895 0
2.9 -0
2.905 -0
2.91 -0
2.915 -0
2.92 -0
2.925 -0
2.93 -0
2.935 -0
2.94 -0
2.945 -0
2.95 -0
2.955 -0
2.96 -0
2.965 -0
2.97 -0
2.975 -0
2.98 -0
2.985 -0
2.99 -0
2.995 -0
3 -0
3.005 0
3.01 0
3.015 0
3.02 0
3.025 0
3.03 0
3.035 0
3.04 0
3.045 0
3.05 0
3.055 0
3.06 0
3.065 0
3.07 0
3.075 0
3.08 0
3.085 0
3.09 0
3.095 0
3.1 0
3.105 -0
3.11 -0
3.115 -0
3.12 -0
3.125 -0
3.13 -0
3.135 -0
3.14 -0
3.145 -0
3.15 -0
3.155 -0
3.16 -0
3.165 -0
3.17 -0
3.175 -0
3.18 -0
3.185 -0
3.19 -0
3.195 -0
3.2 -0
3.205 0
3.21 0
3.215 0
3.22 0
3.225 0
3.23 0
3.235 0
3.24 0
3.245 0
3.25 0
3.255 0
3.26 0
3.265 0
3.27 0
3.275 0
3.28 0
3.285 0
3.29 0
3.295 0
3.3 0
3.305 -0
3.31 -0
3.315 -0
3.32 -0
3.325 -0
3.33 -0
3.335 -0
3.34 -0
3.345 -0
3.35 -0
3.355 -0
3.36 -0
3.365 -0
3.37 -0
3.375 -0
3.38 -0
3.385 -0
3.39 -0
3.395 -0
3.4 -0
3.405 0
3.41 0
3.415 0
3.42 0
3.425 0
3.43 0
3.435 0
3.44 0
3.445 0
3.45 0
3.455 0
3.46 0
3.465 0
3.47 0
3.475 0
3.48 0
3.485 0
3.49 0
3.495 0
3.5 0
3.505 -0
3.51 -0
3.515 -0
3.52 -0
3.525 -0
3.53 -0
3.535 -0
3.54 -0
3.545 -0
3.55 -0
3.555 -0
3.56 -0
3.565 -0
3.57 -0
3.575 -0
3.58 -0
3.585 -0
3.59 -0
3.595 -0
3.6 -0
3.605 0
3.61 0
3.615 0
3.62 0
3.625 0
3.63 0
3.635 0
3.64 0
3.645 0
3.65 0
3.655 0
3.66 0
3.665 0
3.67 0
3.675 0
3.68 0
3.685 0
3.69 0
3.695 0
3.7 0
3.705 -0
3.71 -0
3.715 -0
3.72 -0
3.725 -0
3.73 -0
3.735 -0
3.74 -0
3.745 -0
3.75 -0
3.755 -0
3.76 -0
3.765 -0
3.77 -0
3.775 -0
3.78 -0
3.785 -0
3.79 -0
3.795 -0
3.8 -0
3.805 0
3.81 0
3.815 0
3.82 0
3.825 0
3.83 0
3.835 0
3.84 0
3.845 0
3.85 0
3.855 0
3.86 0
3.865 0
3.87 0
3.875 0
3.88 0
3.885 0
3.89 0
3.895 0
3.9 0
3.905 -0
3.91 -0
3.915 -0
3.92 -0
3.925 -0
3.93 -0
3.935 -0
3.94 -0
3.945 -0
3.95 -0
3.955 -0
3.96 -0
3.965 -0
3.97 -0
3.975 -0
3.98 -0
3.985 -0
3.99 -0
3.995 -0
4 -4.89843e-15
4.005 0.156434
4.01 0.309017
4.015 0.45399
4.02 0.587785
4.025 0.707107
4.03 0.809017
4.035 0.891007
4.04 0.951057
4.045 0.987688
4.05 1
4.055 0.987688
4.06 0.951057
4.065 0.891007
4.07 0.809017
4.075 0.707107
4.08 0.587785
4.085 0.45399
4.09 0.309017
4.095 0.156434
4.1 1.5679e-14
4.105 -0.156434
4.11 -0.309017
4.115 -0.45399
4.12 -0.587785
4.125 -0.707107
4.13 -0.809017
4.135 -0.891007
4.14 -0.951057
4.145 -0.987688
4.15 -1
4.155 -0.987688
4.16 -0.951057
4.165 -0.891007
4.17 -0.809017
4.175 -0.707107
4.18 -0.587785
4.185 -0.45399
4.19 -0.309017
4.195 -0.156434
4.2 1.96208e-15
4.205 0.156434
4.21 0.309017
4.215 0.45399
4.22 0.587785
4.225 0.707107
4.23 0.809017
4.235 0.891007
4.24 0.951057
4.245 0.987688
4.25 1
4.255 0.987688
4.26 0.951057
4.265 0.891007
4.27 0.809017
4.275 0.707107
4.28 0.587785
4.285 0.45399
4.29 0.309017
4.295 0.156434
4.3 8.81852e-15
4.305 -0.156434
4.31 -0.309017
4.315 -0.45399
4.32 -0.587785
4.325 -0.707107
4.33 -0.809017
4.335 -0.891007
4.34 -0.951057
4.345 -0.987688
4.35 -1
4.355 -0.987688
4.36 -0.951057
4.365 -0.891007
4.37 -0.809017
4.375 -0.707107
4.38 -0.587785
4.385 -0.45399
4.39 -0.309017
4.395 -0.156434
4.4 8.82259e-15
4.405 0.156434
4.41 0.309017
4.415 0.45399
4.42 0.587785
4.425 0.707107
4.43 0.809017
4.435 0.891007
4.44 0.951057
4.445 0.987688
4.45 1
4.455 0.987688
4.46 0.951057
4.465 0.891007
4.47 0.809017
4.475 0.707107
4.48 0.587785
4.485 0.45399
4.49 0.309017
4.495 0.156434
4.5 1.95801e-15
4.505 -0.156434
4.51 -0.309017
4.515 -0.45399
4.52 -0.587785
4.525 -0.707107
4.53 -0.809017
4.535 -0.891007
4.54 -0.951057
4.545 -0.987688
4.55 -1
4.555 -0.987688
4.56 -0.951057
4.565 -0.891007
4.57 -0.809017
4.575 -0.707107
4.58 -0.587785
4.585 -0.45399
4.59 -0.309017
4.595 -0.156434
4.6 -1.27386e-14
4.605 0.156434
4.61 0.309017
4.615 0.45399
4.62 0.587785
4.625 0.707107
4.63 0.809017
4.635 0.891007
4.64 0.951057
4.645 0.987688
4.65 1
4.655 0.987688
4.66 0.951057
4.665 0.891007
4.67 0.809017
4.675 0.707107
4.68 0.587785
4.685 0.45399
4.69 0.309017
4.695 0.156434
4.7 -4.90249e-15
4.705 -0.156434
4.71 -0.309017
4.715 -0.45399
4.72 -0.587785
4.725 -0.707107
4.73 -0.809017
4.735 -0.891007
4.74 -0.951057
4.745 -0.987688
4.75 -1
4.755 -0.987688
4.76 -0.951057
4.765 -0.891007
4.77 -0.809017
4.775 -0.707107
4.78 -0.587785
4.785 -0.45399
4.79 -0.309017
4.795 -0.156434
4.8 -5.87811e-15
4.805 0.156434
4.81 0.309017
4.815 0.45399
4.82 0.587785
4.825 0.707107
4.83 0.809017
4.835 0.891007
4.84 0.951057
4.845 0.987688
4.85 1
4.855 0.987688
4.86 0.951057
4.865 0.891007
4.87 0.809017
4.875 0.707107
4.88 0.587785
4.885 0.45399
4.89 0.309017
4.895 0.156434
4.9 -1.1763e-14
4.905 -0.156434
4.91 -0.309017
4.915 -0.45399
4.92 -0.587785
4.925 -0.707107
4.93 -0.809017
4.935 -0.891007
4.94 -0.951057
4.945 -0.987688
4.95 -1
4.955 -0.987688
4.96 -0.951057
4.965 -0.891007
4.97 -0.809017
4.975 -0.707107
4.98 -0.587785
4.985 -0.45399
4.99 -0.309017
4.995 -0.156434
5 0
5.005 0
5.01 0
5.015 0
5.02 0
5.025 0
5.03 0
5.035 0
5.04 0
5.045 0
5.05 0
5.055 0
5.06 0
5.065 0
5.07 0
5.075 0
5.08 0
5.085 0
5.09 0
5.095 0
5.1 0
5.105 -0
5.11 -0
5.115 -0
5.12 -0
5.125 -0
5.13 -0
5.135 -0
5.14 -0
5.145 -0
5.15 -0
5.155 -0
5.16 -0
5.165 -0
5.17 -0
5.175 -0
5.18 -0
5.185 -0
5.19 -0
5.195 -0
5.2 0
5.205 0
5.21 0
5.215 0
5.22 0
5.225 0
5.23 0
5.235 0
5.24 0
5.245 0
5.25 0
5.255 0
5.26 0
5.265 0
5.27 0
5.275 0
5.28 0
5.285 0
5.29 0
5.295 0
5.3 0
5.305 -0
5.31 -0
5.315 -0
5.32 -0
5.325 -0
5.33 -0
5.335 -0
5.34 -0
5.345 -0
5.35 -0
5.355 -0
5.36 -0
5.365 -0
5.37 -0
5.375 -0
5.38 -0
5.385 -0
5.39 -0
5.395 -0
5.4 0
5.405 0
5.41 0
5.415 0
5.42 0
5.425 0
5.43 0
5.435 0
5.44 0
5.445 0
5.45 0
5.455 0
5.46 0
5.465 0
5.47 0
5.475 0
5.48 0
5.485 0
5.49 0
5.495 0
5.5 -0
5.505 -0
5.51 -0
5.515 -0
5.52 -0
5.525 -0
5.53 -0
5.535 -0
5.54 -0
5.545 -0
5.55 -0
5.555 -0
5.56 -0
5.565 -0
5.57 -0
5.575 -0
5.58 -0
5.585 -0
5.59 -0
5.595 -0
5.6 -0
5.605 0
5.61 0
5.615 0
5.62 0
5.625 0
5.63 0
5.635 0
5.64 0
5.645 0
5.65 0
5.655 0
5.66 0
5.665 0
5.67 0
5.675 0
5.68 0
5.685 0
5.69 0
5.695 0
5.7 -0
5.705 -0
5.71 -0
5.715 -0
5.72 -0
5.725 -0
5.73 -0
5.735 -0
5.74 -0
5.745 -0
5.75 -0
5.755 -0
5.76 -0
5.765 -0
5.77 -0
5.775 -0
5.78 -0
5.785 -0
5.79 -0
5.795 -0
5.8 0
5.805 0
5.81 0
5.815 0
5.82 0
5.825 0
5.83 0
5.835 0
5.84 0
5.845 0
5.85 0
5.855 0
5.86 0
5.865 0
5.87 0
5.875 0
5.88 0
5.885 0
5.89 0
5.895 0
5.9 -0
5.905 -0
5.91 -0
5.915 -0
5.92 -0
5.925 -0
5.93 -0
5.935 -0
5.94 -0
5.945 -0
5.95 -0
5.955 -0
5.96 -0
5.965 -0
5.97 -0
5.975 -0
5.98 -0
5.985 -0
5.99 -0
5.995 -0
6 -0
6.005 0
6.01 0
6.015 0
6.02 0
6.025 0
6.03 0
6.035 0
6.04 0
6.045 0
6.05 0
6.055 0
6.06 0
6.065 0
6.07 0
6.075 0
6.08 0
6.085 0
6.09 0
6.095 0
6.1 0
6.105 -0
6.11 -0
6.115 -0
6.12 -0
6.125 -0
6.13 -0
6.135 -0
6.14 -0
6.145 -0
6.15 -0
6.155 -0
6.16 -0
6.165 -0
6.17 -0
6.175 -0
6.18 -0
6.185 -0
6.19 -0
6.195 -0
6.2 -0
6.205 0
6.21 0
6.215 0
6.22 0
6.225 0
6.23 0
6.235 0
6.24 0
6.245 0
6.25 0
6.255 0
6.26 0
6.265 0
6.27 0
6.275 0
6.28 0
6.285 0
6.29 0
6.295 0
6.3 0
6.305 -0
6.31 -0
6.315 -0
6.32 -0
6.325 -0
6.33 -0
6.335 -0
6.34 -0
6.345 -0
6.35 -0
6.355 -0
6.36 -0
6.365 -0
6.37 -0
6.375 -0
6.38 -0
6.385 -0
6.39 -0
6.395 -0
6.4 -0
6.405 0
6.41 0
6.415 0
6.42 0
6.425 0
6.43 0
6.435 0
6.44 0
6.445 0
6.45 0
6.455 0
6.46 0
6.465 0
6.47 0
6.475 0
6.48 0
6.485 0
6.49 0
6.495 0
6.5 0
6.505 -0
6.51 -0
6.515 -0
6.52 -0
6.525 -0
6.53 -0
6.535 -0
6.54 -0
6.545 -0
6.55 -0
6.555 -0
6.56 -0
6.565 -0
6.57 -0
6.575 -0
6.58 -0
6.585 -0
6.59 -0
6.595 -0
6.6 -0
6.605 0
6.61 0
6.615 0
6.62 0
6.625 0
6.63 0
6.635 0
6.64 0
6.645 0
6.65 0
6.655 0
6.66 0
6.665 0
6.67 0
6.675 0
6.68 0
6.685 0
6.69 0
6.695 0
6.7 0
6.705 -0
6.71 -0
6.715 -0
6.72 -0
6.725 -0
6.73 -0
6.735 -0
6.74 -0
6.745 -0
6.75 -0
6.755 -0
6.76 -0
6.765 -0
6.77 -0
6.775 -0
6.78 -0
6.785 -0
6.79 -0
6.795 -0
6.8 -0
6.805 0
6.81 0
6.815 0
6.82 0
6.825 0
6.83 0
6.835 0
6.84 0
6.845 0
6.85 0
6.855 0
6.86 0
6.865 0
6.87 0
6.875 0
6.88 0
6.885 0
6.89 0
6.895 0
6.9 0
6.905 -0
6.91 -0
6.915 -0
6.92 -0
6.925 -0
6.93 -0
6.935 -0
6.94 -0
6.945 -0
6.95 -0
6.955 -0
6.96 -0
6.965 -0
6.97 -0
6.975 -0
6.98 -0
6.985 -0
6.99 -0
6.995 -0
7 -0
7.005 0
7.01 0
7.015 0
7.02 0
7.025 0
7.03 0
7.035 0
7.04 0
7.045 0
7.05 0
7.055 0
7.06 0
7.065 0
7.07 0
7.075 0
7.08 0
7.085 0
7.09 0
7.095 0
7.1 0
7.105 -0
7.11 -0
7.115 -0
7.12 -0
7.125 -0
7.13 -0
7.135 -0
7.14 -0
7.145 -0
7.15 -0
7.155 -0
7.16 -0
7.165 -0
7.17 -0
7.175 -0
7.18 -0
7.185 -0
7.19 -0
7.195 -0
7.2 -0
7.205 0
7.21 0
7.215 0
7.22 0
7.225 0
7.23 0
7.235 0
7.24 0
7.245 0
7.25 0
7.255 0
7.26 0
7.265 0
7.27 0
7.275 0
7.28 0
7.285 0
7.29 0
7.295 0
7.3 0
7.305 -0
7.31 -0
7.315 -0
7.32 -0
7.325 -0
7.33 -0
7.335 -0
7.34 -0
7.345 -0
7.35 -0
7.355 -0
7.36 -0
7.365 -0
7.37 -0
7.375 -0
7.38 -0
7.385 -0
7.39 -0
7.395 -0
7.4 -0
7.405 0
7.41 0
7.415 0
7.42 0
7.425 0
7.43 0
7.435 0
7.44 0
7.445 0
7.45 0
7.455 0
7.46 0
7.465 0
7.47 0
7.475 0
7.48 0
7.485 0
7.49 0
7.495 0
7.5 0
7.505 -0
7.51 -0
7.515 -0
7.52 -0
7.525 -0
7.53 -0
7.535 -0
7.54 -0
7.545 -0
7.55 -0
7.555 -0
7.56 -0
7.565 -0
7.57 -0
7.575 -0
7.58 -0
7.585 -0
7.59 -0
7.595 -0
7.6 -0
7.605 0
7.61 0
7.615 0
7.62 0
7.625 0
7.63 0
7.635 0
7.64 0
7.645 0
7.65 0
7.655 0
7.66 0
7.665 0
7.67 0
7.675 0
7.68 0
7.685 0
7.69 0
7.695 0
7.7 0
7.705 -0
7.71 -0
7.715 -0
7.72 -0
7.725 -0
7.73 -0
7.735 -0
7.74 -0
7.745 -0
7.75 -0
7.755 -0
7.76 -0
7.765 -0
7.77 -0
7.775 -0
7.78 -0
7.785 -0
7.79 -0
7.795 -0
7.8 -0
7.805 0
7.81 0
7.815 0
7.82 0
7.825 0
7.83 0
7.835 0
7.84 0
7.845 0
7.85 0
7.855 0
7.86 0
7.865 0
7.87 0
7.875 0
7.88 0
7.885 0
7.89 0
7.895 0
7.9 -0
7.905 -0
7.91 -0
7.915 -0
7.92 -0
7.925 -0
7.93 -0
7.935 -0
7.94 -0
7.945 -0
7.95 -0
7.955 -0
7.96 -0
7.965 -0
7.97 -0
7.975 -0
7.98 -0
7.985 -0
7.99 -0
7.995 -0
8 -0
8.005 0
8.01 0
8.015 0
8.02 0
8.025 0
8.03 0
8.035 0
8.04 0
8.045 0
8.05 0
8.055 0
8.06 0
8.065 0
8.07 0
8.075 0
8.08 0
8.085 0
8.09 0
8.095 0
8.1 0
8.105 -0
8.11 -0
8.115 -0
8.12 -0
8.125 -0
8.13 -0
8.135 -0
8.14 -0
8.145 -0
8.15 -0
8.155 -0
8.16 -0
8.165 -0
8.17 -0
8.175 -0
8.18 -0
8.185 -0
8.19 -0
8.195 -0
8.2 -0
8.205 0
8.21 0
8.215 0
8.22 0
8.225 0
8.23 0
8.235 0
8.24 0
8.245 0
8.25 0
8.255 0
8.26 0
8.265 0
8.27 0
8.275 0
8.28 0
8.285 0
8.29 0
8.295 0
8.3 -0
8.305 -0
8.31 -0
8.315 -0
8.32 -0
8.325 -0
8.33 -0
8.335 -0
8.34 -0
8.345 -0
8.35 -0
8.355 -0
8.36 -0
8.365 -0
8.37 -0
8.375 -0
8.38 -0
8.385 -0
8.39 -0
8.395 -0
8.4 0
8.405 0
8.41 0
8.415 0
8.42 0
8.425 0
8.43 0
8.435 0
8.44 0
8.445 0
8.45 0
8.455 0
8.46 0
8.465 0
8.47 0
8.475 0
8.48 0
8.485 0
8.49 0
8.495 0
8.5 0
8.505 -0
8.51 -0
8.515 -0
8.52 -0
8.525 -0
8.53 -0
8.535 -0
8.54 -0
8.545 -0
8.55 -0
8.555 -0
8.56 -0
8.565 -0
8.57 -0
8.575 -0
8.58 -0
8.585 -0
8.59 -0
8.595 -0
8.6 -0
8.605 0
8.61 0
8.615 0
8.62 0
8.625 0
8.63 0
8.635 0
8.64 0
8.645 0
8.65 0
8.655 0
8.66 0
8.665 0
8.67 0
8.675 0
8.68 0
8.685 0
8.69 0
8.695 0
8.7 0
8.705 -0
8.71 -0
8.715 -0
8.72 -0
8.725 -0
8.73 -0
8.735 -0
8.74 -0
8.745 -0
8.75 -0
8.755 -0
8.76 -0
8.765 -0
8.77 -0
8.775 -0
8.78 -0
8.785 -0
8.79 -0
8.795 -0
8.8 0
8.805 0
8.81 0
8.815 0
8.82 0
8.825 0
8.83 0
8.835 0
8.84 0
8.845 0
8.85 0
8.855 0
8.86 0
8.865 0
8.87 0
8.875 0
8.88 0
8.885 0
8.89 0
8.895 0
8.9 -0
8.905 -0
8.91 -0
8.915 -0
8.92 -0
8.925 -0
8.93 -0
8.935 -0
8.94 -0
8.945 -0
8.95 -0
8.955 -0
8.96 -0
8.965 -0
8.97 -0
8.975 -0
8.98 -0
8.985 -0
8.99 -0
8.995 -0
9 -3.91603e-15
9.005 0.156434
9.01 0.309017
9.015 0.45399
9.02 0.587785
9.025 0.707107
9.03 0.809017
9.035 0.891007
9.04 0.951057
9.045 0.987688
9.05 1
9.055 0.987688
9.06 0.951057
9.065 0.891007
9.07 0.809017
9.075 0.707107
9.08 0.587785
9.085 0.45399
9.09 0.309017
9.095 0.156434
9.1 1.46966e-14
9.105 -0.156434
9.11 -0.309017
9.115 -0.45399
9.12 -0.587785
9.125 -0.707107
9.13 -0.809017
9.135 -0.891007
9.14 -0.951057
9.145 -0.987688
9.15 -1
9.155 -0.987688
9.16 -0.951057
9.165 -0.891007
9.17 -0.809017
9.175 -0.707107
9.18 -0.587785
9.185 -0.45399
9.19 -0.309017
9.195 -0.156434
9.2 -2.54772e-14
9.205 0.156434
9.21 0.309017
9.215 0.45399
9.22 0.587785
9.225 0.707107
9.23 0.809017
9.235 0.891007
9.24 0.951057
9.245 0.987688
9.25 1
9.255 0.987688
9.26 0.951057
9.265 0.891007
9.27 0.809017
9.275 0.707107
9.28 0.587785
9.285 0.45399
9.29 0.309017
9.295 0.156434
9.3 -2.05856e-14
9.305 -0.156434
9.31 -0.309017
9.315 -0.45399
9.32 -0.587785
9.325 -0.707107
9.33 -0.809017
9.335 -0.891007
9.34 -0.951057
9.345 -0.987688
9.35 -1
9.355 -0.987688
9.36 -0.951057
9.365 -0.891007
9.37 -0.809017
9.375 -0.707107
9.38 -0.587785
9.385 -0.45399
9.39 -0.309017
9.395 -0.156434
9.4 9.80498e-15
9.405 0.156434
9.41 0.309017
9.415 0.45399
9.42 0.587785
9.425 0.707107
9.43 0.809017
9.435 0.891007
9.44 0.951057
9.445 0.987688
9.45 1
9.455 0.987688
9.46 0.951057
9.465 0.891007
9.47 0.809017
9.475 0.707107
9.48 0.587785
9.485 0.45399
9.49 0.309017
9.495 0.156434
9.5 9.75619e-16
9.505 -0.156434
9.51 -0.309017
9.515 -0.45399
9.52 -0.587785
9.525 -0.707107
9.53 -0.809017
9.535 -0.891007
9.54 -0.951057
9.545 -0.987688
9.55 -1
9.555 -0.987688
9.56 -0.951057
9.565 -0.891007
9.57 -0.809017
9.575 -0.707107
9.58 -0.587785
9.585 -0.45399
9.59 -0.309017
9.595 -0.156434
9.6 -1.17562e-14
9.605 0.156434
9.61 0.309017
9.615 0.45399
9.62 0.587785
9.625 0.707107
9.63 0.809017
9.635 0.891007
9.64 0.951057
9.645 0.987688
9.65 1
9.655 0.987688
9.66 0.951057
9.665 0.891007
9.67 0.809017
9.675 0.707107
9.68 0.587785
9.685 0.45399
9.69 0.309017
9.695 0.156434
9.7 2.25368e-14
9.705 -0.156434
9.71 -0.309017
9.715 -0.45399
9.72 -0.587785
9.725 -0.707107
9.73 -0.809017
9.735 -0.891007
9.74 -0.951057
9.745 -0.987688
9.75 -1
9.755 -0.987688
9.76 -0.951057
9.765 -0.891007
9.77 -0.809017
9.775 -0.707107
9.78 -0.587785
9.785 -0.45399
9.79 -0.309017
9.795 -0.156434
9.8 2.3526e-14
9.805 0.156434
9.81 0.309017
9.815 0.45399
9.82 0.587785
9.825 0.707107
9.83 0.809017
9.835 0.891007
9.84 0.951057
9.845 0.987688
9.85 1
9.855 0.987688
9.86 0.951057
9.865 0.891007
9.87 0.809017
9.875 0.707107
9.88 0.587785
9.885 0.45399
9.89 0.309017
9.895 0.156434
9.9 -1.27454e-14
9.905 -0.156434
9.91 -0.309017
9.915 -0.45399
9.92 -0.587785
9.925 -0.707107
9.93 -0.809017
9.935 -0.891007
9.94 -0.951057
9.945 -0.987688
9.95 -1
9.955 -0.987688
9.96 -0.951057
9.965 -0.891007
9.97 -0.809017
9.975 -0.707107
9.98 -0.587785
9.985 -0.45399
9.99 -0.309017
9.995 -0.156434
10 1.96479e-15
10.005 0.156434
10.01 0.309017
10.015 0.45399
10.02 0.587785
10.025 0.707107
10.03 0.809017
10.035 0.891007
10.04 0.951057
10.045 0.987688
10.05 1
10.055 0.987688
10.06 0.951057
10.065 0.891007
10.07 0.809017
10.075 0.707107
10.08 0.587785
10.085 0.45399
10.09 0.309017
10.095 0.156434
10.1 8.81581e-15
10.105 -0.156434
10.11 -0.309017
10.115 -0.45399
10.12 -0.587785
10.125 -0.707107
10.13 -0.809017
10.135 -0.891007
10.14 -0.951057
10.145 -0.987688
10.15 -1
10.155 -0.987688
10.16 -0.951057
10.165 -0.891007
10.17 -0.809017
10.175 -0.707107
10.18 -0.587785
10.185 -0.45399
10.19 -0.309017
10.195 -0.156434
10.2 -1.95964e-14
10.205 0.156434
10.21 0.309017
10.215 0.45399
10.22 0.587785
10.225 0.707107
10.23 0.809017
10.235 0.891007
10.24 0.951057
10.245 0.987688
10.25 1
10.255 0.987688
10.26 0.951057
10.265 0.891007
10.27 0.809017
10.275 0.707107
10.28 0.587785
10.285 0.45399
10.29 0.309017
10.295 0.156434
10.3 -2.64664e-14
10.305 -0.156434
10.31 -0.309017
10.315 -0.45399
10.32 -0.587785
10.325 -0.707107
10.33 -0.809017
10.335 -0.891007
10.34 -0.951057
10.345 -0.987688
10.35 -1
10.355 -0.987688
10.36 -0.951057
10.365 -0.891007
10.37 -0.809017
10.375 -0.707107
10.38 -0.587785
10.385 -0.45399
10.39 -0.309017
10.395 -0.156434
10.4 1.56858e-14
10.405 0.156434
10.41 0.309017
10.415 0.45399
10.42 0.587785
10.425 0.707107
10.43 0.809017
10.435 0.891007
10.44 0.951057
10.445 0.987688
10.45 1
10.455 0.987688
10.46 0.951057
10.465 0.891007
10.47 0.809017
10.475 0.707107
10.48 0.587785
10.485 0.45399
10.49 0.309017
10.495 0.156434
10.5 -4.9052e-15
10.505 -0.156434
10.51 -0.309017
10.515 -0.45399
10.52 -0.587785
10.525 -0.707107
10.53 -0.809017
10.535 -0.891007
10.54 -0.951057
10.545 -0.987688
10.55 -1
10.555 -0.987688
10.56 -0.951057
10.565 -0.891007
10.57 -0.809017
10.575 -0.707107
10.58 -0.587785
10.585 -0.45399
10.59 -0.309017
10.595 -0.156434
10.6 -5.8754e-15
10.605 0.156434
10.61 0.309017
10.615 0.45399
10.62 0.587785
10.625 0.707107
10.63 0.809017
10.635 0.891007
10.64 0.951057
10.645 0.987688
10.65 1
10.655 0.987688
10.66 0.951057
10.665 0.891007
10.67 0.809017
10.675 0.707107
10.68 0.587785
10.685 0.45399
10.69 0.309017
10.695 0.156434
10.7 1.6656e-14
10.705 -0.156434
10.71 -0.309017
10.715 -0.45399
10.72 -0.587785
10.725 -0.707107
10.73 -0.809017
10.735 -0.891007
10.74 -0.951057
10.745 -0.987688
10.75 -1
10.755 -0.987688
10.76 -0.951057
10.765 -0.891007
10.77 -0.809017
10.775 -0.707107
10.78 -0.587785
10.785 -0.45399
10.79 -0.309017
10.795 -0.156434
10.8 2.94068e-14
10.805 0.156434
10.81 0.309017
10.815 0.45399
10.82 0.587785
10.825 0.707107
10.83 0.809017
10.835 0.891007
10.84 0.951057
10.845 0.987688
10.85 1
10.855 0.987688
10.86 0.951057
10.865 0.891007
10.87 0.809017
10.875 0.707107
10.88 0.587785
10.885 0.45399
10.89 0.309017
10.895 0.156434
10.9 -1.86262e-14
10.905 -0.156434
10.91 -0.309017
10.915 -0.45399
10.92 -0.587785
10.925 -0.707107
10.93 -0.809017
10.935 -0.891007
10.94 -0.951057
10.945 -0.987688
10.95 -1
10.955 -0.987688
10.96 -0.951057
10.965 -0.891007
10.97 -0.809017
10.975 -0.707107
10.98 -0.587785
10.985 -0.45399
10.99 -0.309017
10.995 -0.156434
11 0
11.005 0
11.01 0
11.015 0
11.02 0
11.025 0
11.03 0
11.035 0
11.04 0
11.045 0
11.05 0
11.055 0
11.06 0
11.065 0
11.07 0
11.075 0
11.08 0
11.085 0
11.09 0
11.095 0
11.1 0
11.105 -0
11.11 -0
11.115 -0
11.12 -0
11.125 -0
11.13 -0
11.135 -0
11.14 -0
11.145 -0
11.15 -0
11.155 -0
11.16 -0
11.165 -0
11.17 -0
11.175 -0
11.18 -0
11.185 -0
11.19 -0
11.195 -0
11.2 -0
11.205 0
11.21 0
11.215 0
11.22 0
11.225 0
11.23 0
11.235 0
11.24 0
11.245 0
11.25 0
11.255 0
11.26 0
11.265 0
11.27 0
11.275 0
11.28 0
11.285 0
11.29 0
11.295 0
11.3 -0
11.305 -0
11.31 -0
11.315 -0
11.32 -0
11.325 -0
11.33 -0
11.335 -0
11.34 -0
11.345 -0
11.35 -0
11.355 -0
11.36 -0
11.365 -0
11.37 -0
11.375 -0
11.38 -0
11.385 -0
11.39 -0
11.395 -0
11.4 0
11.405 0
11.41 0
11.415 0
11.42 0
11.425 0
11.43 0
11.435 0
11.44 0
11.445 0
11.45 0
11.455 0
11.46 0
11.465 0
11.47 0
11.475 0
11.48 0
11.485 0
11.49 0
11.495 0
11.5 -0
11.505 -0
11.51 -0
11.515 -0
11.52 -0
11.525 -0
11.53 -0
11.535 -0
11.54 -0
11.545 -0
11.55 -0
11.555 -0
11.56 -0
11.565 -0
11.57 -0
11.575 -0
11.58 -0
11.585 -0
11.59 -0
11.595 -0
11.6 0
11.605 0
11.61 0
11.615 0
11.62 0
11.625 0
11.63 0
11.635 0
11.64 0
11.645 0
11.65 0
11.655 0
11.66 0
11.665 0
11.67 0
11.675 0
11.68 0
11.685 0
11.69 0
11.695 0
11.7 0
11.705 -0
11.71 -0
11.715 -0
11.72 -0
11.725 -0
11.73 -0
11.735 -0
11.74 -0
11.745 -0
11.75 -0
11.755 -0
11.76 -0
11.765 -0
11.77 -0
11.775 -0
11.78 -0
11.785 -0
11.79 -0
11.795 -0
11.8 0
11.805 0
11.81 0
11.815 0
11.82 0
11.825 0
11.83 0
11.835 0
11.84 0
11.845 0
11.85 0
11.855 0
11.86 0
11.865 0
11.87 0
11.875 0
11.88 0
11.885 0
11.89 0
11.895 0
11.9 -0
11.905 -0
11.91 -0
11.915 -0
11.92 -0
11.925 -0
11.93 -0
11.935 -0
11.94 -0
11.945 -0
11.95 -0
11.955 -0
11.96 -0
11.965 -0
11.97 -0
11.975 -0
11.98 -0
11.985 -0
11.99 -0
11.995 -0
12 -0
12.005 0
12.01 0
12.015 0
12.02 0
12.025 0
12.03 0
12.035 0
12.04 0
12.045 0
12.05 0
12.055 0
12.06 0
12.065 0
12.07 0
12.075 0
12.08 0
12.085 0
12.09 0
12.095 0
12.1 0
12.105 -0
12.11 -0
12.115 -0
12.12 -0
12.125 -0
12.13 -0
12.135 -0
12.14 -0
12.145 -0
12.15 -0
12.155 -0
12.16 -0
12.165 -0
12.17 -0
12.175 -0
12.18 -0
12.185 -0
12.19 -0
12.195 -0
12.2 -0
12.205 0
12.21 0
12.215 0
12.22 0
12.225 0
12.23 0
12.235 0
12.24 0
12.245 0
12.25 0
12.255 0
12.26 0
12.265 0
12.27 0
12.275 0
12.28 0
12.285 0
12.29 0
12.295 0
12.3 0
12.305 -0
12.31 -0
12.315 -0
12.32 -0
12.325 -0
12.33 -0
12.335 -0
12.34 -0
12.345 -0
12.35 -0
12.355 -0
12.36 -0
12.365 -0
12.37 -0
12.375 -0
12.38 -0
12.385 -0
12.39 -0
12.395 -0
12.4 -0
12.405 0
12.41 0
12.415 0
12.42 0
12.425 0
12.43 0
12.435 0
12.44 0
12.445 0
12.45 0
12.455 0
12.46 0
12.465 0
12.47 0
12.475 0
12.48 0
12.485 0
12.49 0
12.495 0
12.5 0
12.505 -0
12.51 -0
12.515 -0
12.52 -0
12.525 -0
12.53 -0
12.535 -0
12.54 -0
12.545 -0
12.55 -0
12.555 -0
12.56 -0
12.565 -0
12.57 -0
12.575 -0
12.58 -0
12.585 -0
12.59 -0
12.595 -0
12.6 -0
12.605 0
12.61 0
12.615 0
12.62 0
12.625 0
12.63 0
12.635 0
12.64 0
12.645 0
12.65 0
12.655 0
12.66 0
12.665 0
12.67 0
12.675 0
12.68 0
12.685 0
12.69 0
12.695 0
12.7 0
12.705 -0
12.71 -0
12.715 -0
12.72 -0
12.725 -0
12.73 -0
12.735 -0
12.74 -0
12.745 -0
12.75 -0
12.755 -0
12.76 -0
12.765 -0
12.77 -0
12.775 -0
12.78 -0
12.785 -0
12.79 -0
12.795 -0
12.8 -0
12.805 0
12.81 0
12.815 0
12.82 0
12.825 0
12.83 0
12.835 0
12.84 0
12.845 0
12.85 0
12.855 0
12.86 0
12.865 0
12.87 0
12.875 0
12.88 0
12.885 0
12.89 0
12.895 0
12.9 0
12.905 -0
12.91 -0
12.915 -0
12.92 -0
12.925 -0
12.93 -0
12.935 -0
12.94 -0
12.945 -0
12.95 -0
12.955 -0
12.96 -0
12.965 -0
12.97 -0
12.975 -0
12.98 -0
12.985 -0
12.99 -0
12.995 -0
13 -3.72362e-14
13.005 0.156434
13.01 0.309017
13.015 0.45399
13.02 0.587785
13.025 0.707107
13.03 0.809017
13.035 0.891007
13.04 0.951057
13.045 0.987688
13.05 1
13.055 0.987688
13.06 0.951057
13.065 0.891007
13.07 0.809017
13.075 0.707107
13.08 0.587785
13.085 0.45399
13.09 0.309017
13.095 0.156434
13.1 4.80168e-14
13.105 -0.156434
13.11 -0.309017
13.115 -0.45399
13.12 -0.587785
13.125 -0.707107
13.13 -0.809017
13.135 -0.891007
13.14 -0.951057
13.145 -0.987688
13.15 -1
13.155 -0.987688
13.16 -0.951057
13.165 -0.891007
13.17 -0.809017
13.175 -0.707107
13.18 -0.587785
13.185 -0.45399
13.19 -0.309017
13.195 -0.156434
13.2 -5.87974e-14
13.205 0.156434
13.21 0.309017
13.215 0.45399
13.22 0.587785
13.225 0.707107
13.23 0.809017
13.235 0.891007
13.24 0.951057
13.245 0.987688
13.25 1
13.255 0.987688
13.26 0.951057
13.265 0.891007
13.27 0.809017
13.275 0.707107
13.28 0.587785
13.285 0.45399
13.29 0.309017
13.295 0.156434
13.3 1.27346e-14
13.305 -0.156434
13.31 -0.309017
13.315 -0.45399
13.32 -0.587785
13.325 -0.707107
13.33 -0.809017
13.335 -0.891007
13.34 -0.951057
13.345 -0.987688
13.35 -1
13.355 -0.987688
13.36 -0.951057
13.365 -0.891007
13.37 -0.809017
13.375 -0.707107
13.38 -0.587785
13.385 -0.45399
13.39 -0.309017
13.395 -0.156434
13.4 -2.35152e-14
13.405 0.156434
13.41 0.309017
13.415 0.45399
13.42 0.587785
13.425 0.707107
13.43 0.809017
13.435 0.891007
13.44 0.951057
13.445 0.987688
13.45 1
13.455 0.987688
13.46 0.951057
13.465 0.891007
13.47 0.809017
13.475 0.707107
13.48 0.587785
13.485 0.45399
13.49 0.309017
13.495 0.156434
13.5 3.42958e-14
13.505 -0.156434
13.51 -0.309017
13.515 -0.45399
13.52 -0.587785
13.525 -0.707107
13.53 -0.809017
13.535 -0.891007
13.54 -0.951057
13.545 -0.987688
13.55 -1
13.555 -0.987688
13.56 -0.951057
13.565 -0.891007
13.57 -0.809017
13.575 -0.707107
13.58 -0.587785
13.585 -0.45399
13.59 -0.309017
13.595 -0.156434
13.6 -4.50764e-14
13.605 0.156434
13.61 0.309017
13.615 0.45399
13.62 0.587785
13.625 0.707107
13.63 0.809017
13.635 0.891007
13.64 0.951057
13.645 0.987688
13.65 1
13.655 0.987688
13.66 0.951057
13.665 0.891007
13.67 0.809017
13.675 0.707107
13.68 0.587785
13.685 0.45399
13.69 0.309017
13.695 0.156434
13.7 5.5857e-14
13.705 -0.156434
13.71 -0.309017
13.715 -0.45399
13.72 -0.587785
13.725 -0.707107
13.73 -0.809017
13.735 -0.891007
13.74 -0.951057
13.745 -0.987688
13.75 -1
13.755 -0.987688
13.76 -0.951057
13.765 -0.891007
13.77 -0.809017
13.775 -0.707107
13.78 -0.587785
13.785 -0.45399
13.79 -0.309017
13.795 -0.156434
13.8 -9.79414e-15
13.805 0.156434
13.81 0.309017
13.815 0.45399
13.82 0.587785
13.825 0.707107
13.83 0.809017
13.835 0.891007
13.84 0.951057
13.845 0.987688
13.85 1
13.855 0.987688
13.86 0.951057
13.865 0.891007
13.87 0.809017
13.875 0.707107
13.88 0.587785
13.885 0.45399
13.89 0.309017
13.895 0.156434
13.9 2.05747e-14
13.905 -0.156434
13.91 -0.309017
13.915 -0.45399
13.92 -0.587785
13.925 -0.707107
13.93 -0.809017
13.935 -0.891007
13.94 -0.951057
13.945 -0.987688
13.95 -1
13.955 -0.987688
13.96 -0.951057
13.965 -0.891007
13.97 -0.809017
13.975 -0.707107
13.98 -0.587785
13.985 -0.45399
13.99 -0.309017
13.995 -0.156434
14 -0
14.005 0
14.01 0
14.015 0
14.02 0
14.025 0
14.03 0
14.035 0
14.04 0
14.045 0
14.05 0
14.055 0
14.06 0
14.065 0
14.07 0
14.075 0
14.08 0
14.085 0
14.09 0
14.095 0
14.1 0
14.105 -0
14.11 -0
14.115 -0
14.12 -0
14.125 -0
14.13 -0
14.135 -0
14.14 -0
14.145 -0
14.15 -0
14.155 -0
14.16 -0
14.165 -0
14.17 -0
14.175 -0
14.18 -0
14.185 -0
14.19 -0
14.195 -0
14.2 -0
14.205 0
14.21 0
14.215 0
14.22 0
14.225 0
14.23 0
14.235 0
14.24 0
14.245 0
14.25 0
14.255 0
14.26 0
14.265 0
14.27 0
14.275 0
14.28 0
14.285 0
14.29 0
14.295 0
14.3 0
14.305 -0
14.31 -0
14.315 -0
14.32 -0
14.325 -0
14.33 -0
14.335 -0
14.34 -0
14.345 -0
14.35 -0
14.355 -0
14.36 -0
14.365 -0
14.37 -0
14.375 -0
14.38 -0
14.385 -0
14.39 -0
14.395 -0
14.4 -0
14.405 0
14.41 0
14.415 0
14.42 0
14.425 0
14.43 0
14.435 0
14.44 0
14.445 0
14.45 0
14.455 0
14.46 0
14.465 0
14.47 0
14.475 0
14.48 0
14.485 0
14.49 0
14.495 0
14.5 0
14.505 -0
14.51 -0
14.515 -0
14.52 -0
14.525 -0
14.53 -0
14.535 -0
14.54 -0
14.545 -0
14.55 -0
14.555 -0
14.56 -0
14.565 -0
14.57 -0
14.575 -0
14.58 -0
14.585 -0
14.59 -0
14.595 -0
14.6 -0
14.605 0
14.61 0
14.615 0
14.62 0
14.625 0
14.63 0
14.635 0
14.64 0
14.645 0
14.65 0
14.655 0
14.66 0
14.665 0
14.67 0
14.675 0
14.68 0
14.685 0
14.69 0
14.695 0
14.7 0
14.705 -0
14.71 -0
14.715 -0
14.72 -0
14.725 -0
14.73 -0
14.735 -0
14.74 -0
14.745 -0
14.75 -0
14.755 -0
14.76 -0
14.765 -0
14.77 -0
14.775 -0
14.78 -0
14.785 -0
14.79 -0
14.795 -0
14.8 -0
14.805 0
14.81 0
14.815 0
14.82 0
14.825 0
14.83 0
14.835 0
14.84 0
14.845 0
14.85 0
14.855 0
14.86 0
14.865 0
14.87 0
14.875 0
14.88 0
14.885 0
14.89 0
14.895 0
14.9 0
14.905 -0
14.91 -0
14.915 -0
14.92 -0
14.925 -0
14.93 -0
14.935 -0
14.94 -0
14.945 -0
14.95 -0
14.955 -0
14.96 -0
14.965 -0
14.97 -0
14.975 -0
14.98 -0
14.985 -0
14.99 -0
14.995 -0
15 -2.54745e-14
15.005 0.156434
15.01 0.309017
15.015 0.45399
15.02 0.587785
15.025 0.707107
15.03 0.809017
15.035 0.891007
15.04 0.951057
15.045 0.987688
15.05 1
15.055 0.987688
15.06 0.951057
15.065 0.891007
15.07 0.809017
15.075 0.707107
15.08 0.587785
15.085 0.45399
15.09 0.309017
15.095 0.156434
15.1 3.62551e-14
15.105 -0.156434
15.11 -0.309017
15.115 -0.45399
15.12 -0.587785
15.125 -0.707107
15.13 -0.809017
15.135 -0.891007
15.14 -0.951057
15.145 -0.987688
15.15 -1
15.155 -0.987688
15.16 -0.951057
15.165 -0.891007
15.17 -0.809017
15.175 -0.707107
15.18 -0.587785
15.185 -0.45399
15.19 -0.309017
15.195 -0.156434
15.2 -4.70357e-14
15.205 0.156434
15.21 0.309017
15.215 0.45399
15.22 0.587785
15.225 0.707107
15.23 0.809017
15.235 0.891007
15.24 0.951057
15.245 0.987688
15.25 1
15.255 0.987688
15.26 0.951057
15.265 0.891007
15.27 0.809017
15.275 0.707107
15.28 0.587785
15.285 0.45399
15.29 0.309017
15.295 0.156434
15.3 9.72909e-16
15.305 -0.156434
15.31 -0.309017
15.315 -0.45399
15.32 -0.587785
15.325 -0.707107
15.33 -0.809017
15.335 -0.891007
15.34 -0.951057
15.345 -0.987688
15.35 -1
15.355 -0.987688
15.36 -0.951057
15.365 -0.891007
15.37 -0.809017
15.375 -0.707107
15.38 -0.587785
15.385 -0.45399
15.39 -0.309017
15.395 -0.156434
15.4 -1.17535e-14
15.405 0.156434
15.41 0.309017
15.415 0.45399
15.42 0.587785
15.425 0.707107
15.43 0.809017
15.435 0.891007
15.44 0.951057
15.445 0.987688
15.45 1
15.455 0.987688
15.46 0.951057
15.465 0.891007
15.47 0.809017
15.475 0.707107
15.48 0.587785
15.485 0.45399
15.49 0.309017
15.495 0.156434
15.5 2.25341e-14
15.505 -0.156434
15.51 -0.309017
15.515 -0.45399
15.52 -0.587785
15.525 -0.707107
15.53 -0.809017
15.535 -0.891007
15.54 -0.951057
15.545 -0.987688
15.55 -1
15.555 -0.987688
15.56 -0.951057
15.565 -0.891007
15.57 -0.809017
15.575 -0.707107
15.58 -0.587785
15.585 -0.45399
15.59 -0.309017
15.595 -0.156434
15.6 -3.33147e-14
15.605 0.156434
15.61 0.309017
15.615 0.45399
15.62 0.587785
15.625 0.707107
15.63 0.809017
15.635 0.891007
15.64 0.951057
15.645 0.987688
15.65 1
15.655 0.987688
15.66 0.951057
15.665 0.891007
15.67 0.809017
15.675 0.707107
15.68 0.587785
15.685 0.45399
15.69 0.309017
15.695 0.156434
15.7 4.40953e-14
15.705 -0.156434
15.71 -0.309017
15.715 -0.45399
15.72 -0.587785
15.725 -0.707107
15.73 -0.809017
15.735 -0.891007
15.74 -0.951057
15.745 -0.987688
15.75 -1
15.755 -0.987688
15.76 -0.951057
15.765 -0.891007
15.77 -0.809017
15.775 -0.707107
15.78 -0.587785
15.785 -0.45399
15.79 -0.309017
15.795 -0.156434
15.8 1.9675e-15
15.805 0.156434
15.81 0.309017
15.815 0.45399
15.82 0.587785
15.825 0.707107
15.83 0.809017
15.835 0.891007
15.84 0.951057
15.845 0.987688
15.85 1
15.855 0.987688
15.86 0.951057
15.865 0.891007
15.87 0.809017
15.875 0.707107
15.88 0.587785
15.885 0.45399
15.89 0.309017
15.895 0.156434
15.9 8.8131e-15
15.905 -0.156434
15.91 -0.309017
15.915 -0.45399
15.92 -0.587785
15.925 -0.707107
15.93 -0.809017
15.935 -0.891007
15.94 -0.951057
15.945 -0.987688
15.95 -1
15.955 -0.987688
15.96 -0.951057
15.965 -0.891007
15.97 -0.809017
15.975 -0.707107
15.98 -0.587785
15.985 -0.45399
15.99 -0.309017
15.995 -0.156434
16 -0
16.005 0
16.01 0
16.015 0
16.02 0
16.025 0
16.03 0
16.035 0
16.04 0
16.045 0
16.05 0
16.055 0
16.06 0
16.065 0
16.07 0
16.075 0
16.08 0
16.085 0
16.09 0
16.095 0
16.1 -0
16.105 -0
16.11 -0
16.115 -0
16.12 -0
16.125 -0
16.13 -0
16.135 -0
16.14 -0
16.145 -0
16.15 -0
16.155 -0
16.16 -0
16.165 -0
16.17 -0
16.175 -0
16.18 -0
16.185 -0
16.19 -0
16.195 -0
16.2 -0
16.205 0
16.21 0
16.215 0
16.22 0
16.225 0
16.23 0
16.235 0
16.24 0
16.245 0
16.25 0
16.255 0
16.26 0
16.265 0
16.27 0
16.275 0
16.28 0
16.285 0
16.29 0
16.295 0
16.3 0
16.305 -0
16.31 -0
16.315 -0
16.32 -0
16.325 -0
16.33 -0
16.335 -0
16.34 -0
16.345 -0
16.35 -0
16.355 -0
16.36 -0
16.365 -0
16.37 -0
16.375 -0
16.38 -0
16.385 -0
16.39 -0
16.395 -0
16.4 -0
16.405 0
16.41 0
16.415 0
16.42 0
16.425 0
16.43 0
16.435 0
16.44 0
16.445 0
16.45 0
16.455 0
16.46 0
16.465 0
16.47 0
16.475 0
16.48 0
16.485 0
16.49 0
16.495 0
16.5 0
16.505 -0
16.51 -0
16.515 -0
16.52 -0
16.525 -0
16.53 -0
16.535 -0
16.54 -0
16.545 -0
16.55 -0
16.555 -0
16.56 -0
16.565 -0
16.57 -0
16.575 -0
16.58 -0
16.585 -0
16.59 -0
16.595 -0
16.6 0
16.605 0
16.61 0
16.615 0
16.62 0
16.625 0
16.63 0
16.635 0
16.64 0
16.645 0
16.65 0
16.655 0
16.66 0
16.665 0
16.67 0
16.675 0
16.68 0
16.685 0
16.69 0
16.695 0
16.7 0
16.705 -0
16.71 -0
16.715 -0
16.72 -0
16.725 -0
16.73 -0
16.735 -0
16.74 -0
16.745 -0
16.75 -0
16.755 -0
16.76 -0
16.765 -0
16.77 -0
16.775 -0
16.78 -0
16.785 -0
16.79 -0
16.795 -0
16.8 0
16.805 0
16.81 0
16.815 0
16.82 0
16.825 0
16.83 0
16.835 0
16.84 0
16.845 0
16.85 0
16.855 0
16.86 0
16.865 0
16.87 0
16.875 0
16.88 0
16.885 0
16.89 0
16.895 0
16.9 0
16.905 -0
16.91 -0
16.915 -0
16.92 -0
16.925 -0
16.93 -0
16.935 -0
16.94 -0
16.945 -0
16.95 -0
16.955 -0
16.96 -0
16.965 -0
16.97 -0
16.975 -0
16.98 -0
16.985 -0
16.99 -0
16.995 -0
17 -1.37129e-14
17.005 0.156434
17.01 0.309017
17.015 0.45399
17.02 0.587785
17.025 0.707107
17.03 0.809017
17.035 0.891007
17.04 0.951057
17.045 0.987688
17.05 1
17.055 0.987688
17.06 0.951057
17.065 0.891007
17.07 0.809017
17.075 0.707107
17.08 0.587785
17.085 0.45399
17.09 0.309017
17.095 0.156434
17.1 2.44935e-14
17.105 -0.156434
17.11 -0.309017
17.115 -0.45399
17.12 -0.587785
17.125 -0.707107
17.13 -0.809017
17.135 -0.891007
17.14 -0.951057
17.145 -0.987688
17.15 -1
17.155 -0.987688
17.16 -0.951057
17.165 -0.891007
17.17 -0.809017
17.175 -0.707107
17.18 -0.587785
17.185 -0.45399
17.19 -0.309017
17.195 -0.156434
17.2 -3.52741e-14
17.205 0.156434
17.21 0.309017
17.215 0.45399
17.22 0.587785
17.225 0.707107
17.23 0.809017
17.235 0.891007
17.24 0.951057
17.245 0.987688
17.25 1
17.255 0.987688
17.26 0.951057
17.265 0.891007
17.27 0.809017
17.275 0.707107
17.28 0.587785
17.285 0.45399
17.29 0.309017
17.295 0.156434
17.3 4.60547e-14
17.305 -0.156434
17.31 -0.309017
17.315 -0.45399
17.32 -0.587785
17.325 -0.707107
17.33 -0.809017
17.335 -0.891007
17.34 -0.951057
17.345 -0.987688
17.35 -1
17.355 -0.987688
17.36 -0.951057
17.365 -0.891007
17.37 -0.809017
17.375 -0.707107
17.38 -0.587785
17.385 -0.45399
17.39 -0.309017
17.395 -0.156434
17.4 -5.68353e-14
17.405 0.156434
17.41 0.309017
17.415 0.45399
17.42 0.587785
17.425 0.707107
17.43 0.809017
17.435 0.891007
17.44 0.951057
17.445 0.987688
17.45 1
17.455 0.987688
17.46 0.951057
17.465 0.891007
17.47 0.809017
17.475 0.707107
17.48 0.587785
17.485 0.45399
17.49 0.309017
17.495 0.156434
17.5 6.76159e-14
17.505 -0.156434
17.51 -0.309017
17.515 -0.45399
17.52 -0.587785
17.525 -0.707107
17.53 -0.809017
17.535 -0.891007
17.54 -0.951057
17.545 -0.987688
17.55 -1
17.555 -0.987688
17.56 -0.951057
17.565 -0.891007
17.57 -0.809017
17.575 -0.707107
17.58 -0.587785
17.585 -0.45399
17.59 -0.309017
17.595 -0.156434
17.6 3.52903e-14
17.605 0.156434
17.61 0.309017
17.615 0.45399
17.62 0.587785
17.625 0.707107
17.63 0.809017
17.635 0.891007
17.64 0.951057
17.645 0.987688
17.65 1
17.655 0.987688
17.66 0.951057
17.665 0.891007
17.67 0.809017
17.675 0.707107
17.68 0.587785
17.685 0.45399
17.69 0.309017
17.695 0.156434
17.7 8.91771e-14
17.705 -0.156434
17.71 -0.309017
17.715 -0.45399
17.72 -0.587785
17.725 -0.707107
17.73 -0.809017
17.735 -0.891007
17.74 -0.951057
17.745 -0.987688
17.75 -1
17.755 -0.987688
17.76 -0.951057
17.765 -0.891007
17.77 -0.809017
17.775 -0.707107
17.78 -0.587785
17.785 -0.45399
17.79 -0.309017
17.795 -0.156434
17.8 1.37291e-14
17.805 0.156434
17.81 0.309017
17.815 0.45399
17.82 0.587785
17.825 0.707107
17.83 0.809017
17.835 0.891007
17.84 0.951057
17.845 0.987688
17.85 1
17.855 0.987688
17.86 0.951057
17.865 0.891007
17.87 0.809017
17.875 0.707107
17.88 0.587785
17.885 0.45399
17.89 0.309017
17.895 0.156434
17.9 1.10738e-13
17.905 -0.156434
17.91 -0.309017
17.915 -0.45399
17.92 -0.587785
17.925 -0.707107
17.93 -0.809017
17.935 -0.891007
17.94 -0.951057
17.945 -0.987688
17.95 -1
17.955 -0.987688
17.96 -0.951057
17.965 -0.891007
17.97 -0.809017
17.975 -0.707107
17.98 -0.587785
17.985 -0.45399
17.99 -0.309017
17.995 -0.156434
18 -7.83206e-15
18.005 0.156434
18.01 0.309017
18.015 0.45399
18.02 0.587785
18.025 0.707107
18.03 0.809017
18.035 0.891007
18.04 0.951057
18.045 0.987688
18.05 1
18.055 0.987688
18.06 0.951057
18.065 0.891007
18.07 0.809017
18.075 0.707107
18.08 0.587785
18.085 0.45399
18.09 0.309017
18.095 0.156434
18.1 1.86127e-14
18.105 -0.156434
18.11 -0.309017
18.115 -0.45399
18.12 -0.587785
18.125 -0.707107
18.13 -0.809017
18.135 -0.891007
18.14 -0.951057
18.145 -0.987688
18.15 -1
18.155 -0.987688
18.16 -0.951057
18.165 -0.891007
18.17 -0.809017
18.175 -0.707107
18.18 -0.587785
18.185 -0.45399
18.19 -0.309017
18.195 -0.156434
18.2 -2.93933e-14
18.205 0.156434
18.21 0.309017
18.215 0.45399
18.22 0.587785
18.225 0.707107
18.23 0.809017
18.235 0.891007
18.24 0.951057
18.245 0.987688
18.25 1
18.255 0.987688
18.26 0.951057
18.265 0.891007
18.27 0.809017
18.275 0.707107
18.28 0.587785
18.285 0.45399
18.29 0.309017
18.295 0.156434
18.3 4.01739e-14
18.305 -0.156434
18.31 -0.309017
18.315 -0.45399
18.32 -0.587785
18.325 -0.707107
18.33 -0.809017
18.335 -0.891007
18.34 -0.951057
18.345 -0.987688
18.35 -1
18.355 -0.987688
18.36 -0.951057
18.365 -0.891007
18.37 -0.809017
18.375 -0.707107
18.38 -0.587785
18.385 -0.45399
18.39 -0.309017
18.395 -0.156434
18.4 -5.09545e-14
18.405 0.156434
18.41 0.309017
18.415 0.45399
18.42 0.587785
18.425 0.707107
18.43 0.809017
18.435 0.891007
18.44 0.951057
18.445 0.987688
18.45 1
18.455 0.987688
18.46 0.951057
18.465 0.891007
18.47 0.809017
18.475 0.707107
18.48 0.587785
18.485 0.45399
18.49 0.309017
18.495 0.156434
18.5 6.17351e-14
18.505 -0.156434
18.51 -0.309017
18.515 -0.45399
18.52 -0.587785
18.525 -0.707107
18.53 -0.809017
18.535 -0.891007
18.54 -0.951057
18.545 -0.987688
18.55 -1
18.555 -0.987688
18.56 -0.951057
18.565 -0.891007
18.57 -0.809017
18.575 -0.707107
18.58 -0.587785
18.585 -0.45399
18.59 -0.309017
18.595 -0.156434
18.6 4.11712e-14
18.605 0.156434
18.61 0.309017
18.615 0.45399
18.62 0.587785
18.625 0.707107
18.63 0.809017
18.635 0.891007
18.64 0.951057
18.645 0.987688
18.65 1
18.655 0.987688
18.66 0.951057
18.665 0.891007
18.67 0.809017
18.675 0.707107
18.68 0.587785
18.685 0.45399
18.69 0.309017
18.695 0.156434
18.7 8.32963e-14
18.705 -0.156434
18.71 -0.309017
18.715 -0.45399
18.72 -0.587785
18.725 -0.707107
18.73 -0.809017
18.735 -0.891007
18.74 -0.951057
18.745 -0.987688
18.75 -1
18.755 -0.987688
18.76 -0.951057
18.765 -0.891007
18.77 -0.809017
18.775 -0.707107
18.78 -0.587785
18.785 -0.45399
18.79 -0.309017
18.795 -0.156434
18.8 1.961e-14
18.805 0.156434
18.81 0.309017
18.815 0.45399
18.82 0.587785
18.825 0.707107
18.83 0.809017
18.835 0.891007
18.84 0.951057
18.845 0.987688
18.85 1
18.855 0.987688
18.86 0.951057
18.865 0.891007
18.87 0.809017
18.875 0.707107
18.88 0.587785
18.885 0.45399
18.89 0.309017
18.895 0.156434
18.9 1.04857e-13
18.905 -0.156434
18.91 -0.309017
18.915 -0.45399
18.92 -0.587785
18.925 -0.707107
18.93 -0.809017
18.935 -0.891007
18.94 -0.951057
18.945 -0.987688
18.95 -1
18.955 -0.987688
18.96 -0.951057
18.965 -0.891007
18.97 -0.809017
18.975 -0.707107
18.98 -0.587785
18.985 -0.45399
18.99 -0.309017
18.995 -0.156434
19 -0
19.005 0
19.01 0
19.015 0
19.02 0
19.025 0
19.03 0
19.035 0
19.04 0
19.045 0
19.05 0
19.055 0
19.06 0
19.065 0
19.07 0
19.075 0
19.08 0
19.085 0
19.09 0
19.095 0
19.1 0
19.105 -0
19.11 -0
19.115 -0
19.12 -0
19.125 -0
19.13 -0
19.135 -0
19.14 -0
19.145 -0
19.15 -0
19.155 -0
19.16 -0
19.165 -0
19.17 -0
19.175 -0
19.18 -0
19.185 -0
19.19 -0
19.195 -0
19.2 -0
19.205 0
19.21 0
19.215 0
19.22 0
19.225 0
19.23 0
19.235 0
19.24 0
19.245 0
19.25 0
19.255 0
19.26 0
19.265 0
19.27 0
19.275 0
19.28 0
19.285 0
19.29 0
19.295 0
19.3 0
19.305 -0
19.31 -0
19.315 -0
19.32 -0
19.325 -0
19.33 -0
19.335 -0
19.34 -0
19.345 -0
19.35 -0
19.355 -0
19.36 -0
19.365 -0
19.37 -0
19.375 -0
19.38 -0
19.385 -0
19.39 -0
19.395 -0
19.4 -0
19.405 0
19.41 0
19.415 0
19.42 0
19.425 0
19.43 0
19.435 0
19.44 0
19.445 0
19.45 0
19.455 0
19.46 0
19.465 0
19.47 0
19.475 0
19.48 0
19.485 0
19.49 0
19.495 0
19.5 0
19.505 -0
19.51 -0
19.515 -0
19.52 -0
19.525 -0
19.53 -0
19.535 -0
19.54 -0
19.545 -0
19.55 -0
19.555 -0
19.56 -0
19.565 -0
19.57 -0
19.575 -0
19.58 -0
19.585 -0
19.59 -0
19.595 -0
19.6 0
19.605 0
19.61 0
19.615 0
19.62 0
19.625 0
19.63 0
19.635 0
19.64 0
19.645 0
19.65 0
19.655 0
19.66 0
19.665 0
19.67 0
19.675 0
19.68 0
19.685 0
19.69 0
19.695 0
19.7 0
19.705 -0
19.71 -0
19.715 -0
19.72 -0
19.725 -0
19.73 -0
19.735 -0
19.74 -0
19.745 -0
19.75 -0
19.755 -0
19.76 -0
19.765 -0
19.77 -0
19.775 -0
19.78 -0
19.785 -0
19.79 -0
19.795 -0
19.8 0
19.805 0
19.81 0
19.815 0
19.82 0
19.825 0
19.83 0
19.835 0
19.84 0
19.845 0
19.85 0
19.855 0
19.86 0
19.865 0
19.87 0
19.875 0
19.88 0
19.885 0
19.89 0
19.895 0
19.9 0
19.905 -0
19.91 -0
19.915 -0
19.92 -0
19.925 -0
19.93 -0
19.935 -0
19.94 -0
19.945 -0
19.95 -0
19.955 -0
19.96 -0
19.965 -0
19.97 -0
19.975 -0
19.98 -0
19.985 -0
19.99 -0
19.995 -0
20 3.92958e-15
20.005 0.156434
20.01 0.309017
20.015 0.45399
20.02 0.587785
20.025 0.707107
20.03 0.809017
20.035 0.891007
20.04 0.951057
20.045 0.987688
20.05 1
20.055 0.987688
20.06 0.951057
20.065 0.891007
20.07 0.809017
20.075 0.707107
20.08 0.587785
20.085 0.45399
20.09 0.309017
20.095 0.156434
20.1 6.85102e-15
20.105 -0.156434
20.11 -0.309017
20.115 -0.45399
20.12 -0.587785
20.125 -0.707107
20.13 -0.809017
20.135 -0.891007
20.14 -0.951057
20.145 -0.987688
20.15 -1
20.155 -0.987688
20.16 -0.951057
20.165 -0.891007
20.17 -0.809017
20.175 -0.707107
20.18 -0.587785
20.185 -0.45399
20.19 -0.309017
20.195 -0.156434
20.2 -1.76316e-14
20.205 0.156434
20.21 0.309017
20.215 0.45399
20.22 0.587785
20.225 0.707107
20.23 0.809017
20.235 0.891007
20.24 0.951057
20.245 0.987688
20.25 1
20.255 0.987688
20.26 0.951057
20.265 0.891007
20.27 0.809017
20.275 0.707107
20.28 0.587785
20.285 0.45399
20.29 0.309017
20.295 0.156434
20.3 2.84122e-14
20.305 -0.156434
20.31 -0.309017
20.315 -0.45399
20.32 -0.587785
20.325 -0.707107
20.33 -0.809017
20.335 -0.891007
20.34 -0.951057
20.345 -0.987688
20.35 -1
20.355 -0.987688
20.36 -0.951057
20.365 -0.891007
20.37 -0.809017
20.375 -0.707107
20.38 -0.587785
20.385 -0.45399
20.39 -0.309017
20.395 -0.156434
20.4 -3.91928e-14
20.405 0.156434
20.41 0.309017
20.415 0.45399
20.42 0.587785
20.425 0.707107
20.43 0.809017
20.435 0.891007
20.44 0.951057
20.445 0.987688
20.45 1
20.455 0.987688
20.46 0.951057
20.465 0.891007
20.47 0.809017
20.475 0.707107
20.48 0.587785
20.485 0.45399
20.49 0.309017
20.495 0.156434
20.5 4.99734e-14
20.505 -0.156434
20.51 -0.309017
20.515 -0.45399
20.52 -0.587785
20.525 -0.707107
20.53 -0.809017
20.535 -0.891007
20.54 -0.951057
20.545 -0.987688
20.55 -1
20.555 -0.987688
20.56 -0.951057
20.565 -0.891007
20.57 -0.809017
20.575 -0.707107
20.58 -0.587785
20.585 -0.45399
20.59 -0.309017
20.595 -0.156434
20.6 5.29328e-14
20.605 0.156434
20.61 0.309017
20.615 0.45399
20.62 0.587785
20.625 0.707107
20.63 0.809017
20.635 0.891007
20.64 0.951057
20.645 0.987688
20.65 1
20.655 0.987688
20.66 0.951057
20.665 0.891007
20.67 0.809017
20.675 0.707107
20.68 0.587785
20.685 0.45399
20.69 0.309017
20.695 0.156434
20.7 7.15346e-14
20.705 -0.156434
20.71 -0.309017
20.715 -0.45399
20.72 -0.587785
20.725 -0.707107
20.73 -0.809017
20.735 -0.891007
20.74 -0.951057
20.745 -0.987688
20.75 -1
20.755 -0.987688
20.76 -0.951057
20.765 -0.891007
20.77 -0.809017
20.775 -0.707107
20.78 -0.587785
20.785 -0.45399
20.79 -0.309017
20.795 -0.156434
20.8 3.13716e-14
20.805 0.156434
20.81 0.309017
20.815 0.45399
20.82 0.587785
20.825 0.707107
20.83 0.809017
20.835 0.891007
20.84 0.951057
20.845 0.987688
20.85 1
20.855 0.987688
20.86 0.951057
20.865 0.891007
20.87 0.809017
20.875 0.707107
20.88 0.587785
20.885 0.45399
20.89 0.309017
20.895 0.156434
20.9 9.30958e-14
20.905 -0.156434
20.91 -0.309017
20.915 -0.45399
20.92 -0.587785
20.925 -0.707107
20.93 -0.809017
20.935 -0.891007
20.94 -0.951057
20.945 -0.987688
20.95 -1
20.955 -0.987688
20.96 -0.951057
20.965 -0.891007
20.97 -0.809017
20.975 -0.707107
20.98 -0.587785
20.985 -0.45399
20.99 -0.309017
20.995 -0.156434
21 9.8104e-15
21.005 0.156434
21.01 0.309017
21.015 0.45399
21.02 0.587785
21.025 0.707107
21.03 0.809017
21.035 0.891007
21.04 0.951057
21.045 0.987688
21.05 1
21.055 0.987688
21.06 0.951057
21.065 0.891007
21.07 0.809017
21.075 0.707107
21.08 0.587785
21.085 0.45399
21.09 0.309017
21.095 0.156434
21.1 9.70198e-16
21.105 -0.156434
21.11 -0.309017
21.115 -0.45399
21.12 -0.587785
21.125 -0.707107
21.13 -0.809017
21.135 -0.891007
21.14 -0.951057
21.145 -0.987688
21.15 -1
21.155 -0.987688
21.16 -0.951057
21.165 -0.891007
21.17 -0.809017
21.175 -0.707107
21.18 -0.587785
21.185 -0.45399
21.19 -0.309017
21.195 -0.156434
21.2 -1.17508e-14
21.205 0.156434
21.21 0.309017
21.215 0.45399
21.22 0.587785
21.225 0.707107
21.23 0.809017
21.235 0.891007
21.24 0.951057
21.245 0.987688
21.25 1
21.255 0.987688
21.26 0.951057
21.265 0.891007
21.27 0.809017
21.275 0.707107
21.28 0.587785
21.285 0.45399
21.29 0.309017
21.295 0.156434
21.3 2.25314e-14
21.305 -0.156434
21.31 -0.309017
21.315 -0.45399
21.32 -0.587785
21.325 -0.707107
21.33 -0.809017
21.335 -0.891007
21.34 -0.951057
21.345 -0.987688
21.35 -1
21.355 -0.987688
21.36 -0.951057
21.365 -0.891007
21.37 -0.809017
21.375 -0.707107
21.38 -0.587785
21.385 -0.45399
21.39 -0.309017
21.395 -0.156434
21.4 -3.3312e-14
21.405 0.156434
21.41 0.309017
21.415 0.45399
21.42 0.587785
21.425 0.707107
21.43 0.809017
21.435 0.891007
21.44 0.951057
21.445 0.987688
21.45 1
21.455 0.987688
21.46 0.951057
21.465 0.891007
21.47 0.809017
21.475 0.707107
21.48 0.587785
21.485 0.45399
21.49 0.309017
21.495 0.156434
21.5 4.40926e-14
21.505 -0.156434
21.51 -0.309017
21.515 -0.45399
21.52 -0.587785
21.525 -0.707107
21.53 -0.809017
21.535 -0.891007
21.54 -0.951057
21.545 -0.987688
21.55 -1
21.555 -0.987688
21.56 -0.951057
21.565 -0.891007
21.57 -0.809017
21.575 -0.707107
21.58 -0.587785
21.585 -0.45399
21.59 -0.309017
21.595 -0.156434
21.6 5.88136e-14
21.605 0.156434
21.61 0.309017
21.615 0.45399
21.62 0.587785
21.625 0.707107
21.63 0.809017
21.635 0.891007
21.64 0.951057
21.645 0.987688
21.65 1
21.655 0.987688
21.66 0.951057
21.665 0.891007
21.67 0.809017
21.675 0.707107
21.68 0.587785
21.685 0.45399
21.69 0.309017
21.695 0.156434
21.7 6.56538e-14
21.705 -0.156434
21.71 -0.309017
21.715 -0.45399
21.72 -0.587785
21.725 -0.707107
21.73 -0.809017
21.735 -0.891007
21.74 -0.951057
21.745 -0.987688
21.75 -1
21.755 -0.987688
21.76 -0.951057
21.765 -0.891007
21.77 -0.809017
21.775 -0.707107
21.78 -0.587785
21.785 -0.45399
21.79 -0.309017
21.795 -0.156434
21.8 3.72524e-14
21.805 0.156434
21.81 0.309017
21.815 0.45399
21.82 0.587785
21.825 0.707107
21.83 0.809017
21.835 0.891007
21.84 0.951057
21.845 0.987688
21.85 1
21.855 0.987688
21.86 0.951057
21.865 0.891007
21.87 0.809017
21.875 0.707107
21.88 0.587785
21.885 0.45399
21.89 0.309017
21.895 0.156434
21.9 8.7215e-14
21.905 -0.156434
21.91 -0.309017
21.915 -0.45399
21.92 -0.587785
21.925 -0.707107
21.93 -0.809017
21.935 -0.891007
21.94 -0.951057
21.945 -0.987688
21.95 -1
21.955 -0.987688
21.96 -0.951057
21.965 -0.891007
21.97 -0.809017
21.975 -0.707107
21.98 -0.587785
21.985 -0.45399
21.99 -0.309017
21.995 -0.156434
22 0
22.005 0
22.01 0
22.015 0
22.02 0
22.025 0
22.03 0
22.035 0
22.04 0
22.045 0
22.05 0
22.055 0
22.06 0
22.065 0
22.07 0
22.075 0
22.08 0
22.085 0
22.09 0
22.095 0
22.1 -0
22.105 -0
22.11 -0
22.115 -0
22.12 -0
22.125 -0
22.13 -0
22.135 -0
22.14 -0
22.145 -0
22.15 -0
22.155 -0
22.16 -0
22.165 -0
22.17 -0
22.175 -0
22.18 -0
22.185 -0
22.19 -0
22.195 -0
22.2 -0
22.205 0
22.21 0
22.215 0
22.22 0
22.225 0
22.23 0
22.235 0
22.24 0
22.245 0
22.25 0
22.255 0
22.26 0
22.265 0
22.27 0
22.275 0
22.28 0
22.285 0
22.29 0
22.295 0
22.3 0
22.305 -0
22.31 -0
22.315 -0
22.32 -0
22.325 -0
22.33 -0
22.335 -0
22.34 -0
22.345 -0
22.35 -0
22.355 -0
22.36 -0
22.365 -0
22.37 -0
22.375 -0
22.38 -0
22.385 -0
22.39 -0
22.395 -0
22.4 -0
22.405 0
22.41 0
22.415 0
22.42 0
22.425 0
22.43 0
22.435 0
22.44 0
22.445 0
22.45 0
22.455 0
22.46 0
22.465 0
22.47 0
22.475 0
22.48 0
22.485 0
22.49 0
22.495 0
22.5 0
22.505 -0
22.51 -0
22.515 -0
22.52 -0
22.525 -0
22.53 -0
22.535 -0
22.54 -0
22.545 -0
22.55 -0
22.555 -0
22.56 -0
22.565 -0
22.57 -0
22.575 -0
22.58 -0
22.585 -0
22.59 -0
22.595 -0
22.6 0
22.605 0
22.61 0
22.615 0
22.62 0
22.625 0
22.63 0
22.635 0
22.64 0
22.645 0
22.65 0
22.655 0
22.66 0
22.665 0
22.67 0
22.675 0
22.68 0
22.685 0
22.69 0
22.695 0
22.7 0
22.705 -0
22.71 -0
22.715 -0
22.72 -0
22.725 -0
22.73 -0
22.735 -0
22.74 -0
22.745 -0
22.75 -0
22.755 -0
22.76 -0
22.765 -0
22.77 -0
22.775 -0
22.78 -0
22.785 -0
22.79 -0
22.795 -0
22.8 0
22.805 0
22.81 0
22.815 0
22.82 0
22.825 0
22.83 0
22.835 0
22.84 0
22.845 0
22.85 0
22.855 0
22.86 0
22.865 0
22.87 0
22.875 0
22.88 0
22.885 0
22.89 0
22.895 0
22.9 0
22.905 -0
22.91 -0
22.915 -0
22.92 -0
22.925 -0
22.93 -0
22.935 -0
22.94 -0
22.945 -0
22.95 -0
22.955 -0
22.96 -0
22.965 -0
22.97 -0
22.975 -0
22.98 -0
22.985 -0
22.99 -0
22.995 -0
23 0
23.005 0
23.01 0
23.015 0
23.02 0
23.025 0
23.03 0
23.035 0
23.04 0
23.045 0
23.05 0
23.055 0
23.06 0
23.065 0
23.07 0
23.075 0
23.08 0
23.085 0
23.09 0
23.095 0
23.1 -0
23.105 -0
23.11 -0
23.115 -0
23.12 -0
23.125 -0
23.13 -0
23.135 -0
23.14 -0
23.145 -0
23.15 -0
23.155 -0
23.16 -0
23.165 -0
23.17 -0
23.175 -0
23.18 -0
23.185 -0
23.19 -0
23.195 -0
23.2 0
23.205 0
23.21 0
23.215 0
23.22 0
23.225 0
23.23 0
23.235 0
23.24 0
23.245 0
23.25 0
23.255 0
23.26 0
23.265 0
23.27 0
23.275 0
23.28 0
23.285 0
23.29 0
23.295 0
23.3 0
23.305 -0
23.31 -0
23.315 -0
23.32 -0
23.325 -0
23.33 -0
23.335 -0
23.34 -0
23.345 -0
23.35 -0
23.355 -0
23.36 -0
23.365 -0
23.37 -0
23.375 -0
23.38 -0
23.385 -0
23.39 -0
23.395 -0
23.4 -0
23.405 0
23.41 0
23.415 0
23.42 0
23.425 0
23.43 0
23.435 0
23.44 0
23.445 0
23.45 0
23.455 0
23.46 0
23.465 0
23.47 0
23.475 0
23.48 0
23.485 0
23.49 0
23.495 0
23.5 0
23.505 -0
23.51 -0
23.515 -0
23.52 -0
23.525 -0
23.53 -0
23.535 -0
23.54 -0
23.545 -0
23.55 -0
23.555 -0
23.56 -0
23.565 -0
23.57 -0
23.575 -0
23.58 -0
23.585 -0
23.59 -0
23.595 -0
23.6 0
23.605 0
23.61 0
23.615 0
23.62 0
23.625 0
23.63 0
23.635 0
23.64 0
23.645 0
23.65 0
23.655 0
23.66 0
23.665 0
23.67 0
23.675 0
23.68 0
23.685 0
23.69 0
23.695 0
23.7 0
23.705 -0
23.71 -0
23.715 -0
23.72 -0
23.725 -0
23.73 -0
23.735 -0
23.74 -0
23.745 -0
23.75 -0
23.755 -0
23.76 -0
23.765 -0
23.77 -0
23.775 -0
23.78 -0
23.785 -0
23.79 -0
23.795 -0
23.8 0
23.805 0
23.81 0
23.815 0
23.82 0
23.825 0
23.83 0
23.835 0
23.84 0
23.845 0
23.85 0
23.855 0
23.86 0
23.865 0
23.87 0
23.875 0
23.88 0
23.885 0
23.89 0
23.895 0
23.9 0
23.905 -0
23.91 -0
23.915 -0
23.92 -0
23.925 -0
23.93 -0
23.935 -0
23.94 -0
23.945 -0
23.95 -0
23.955 -0
23.96 -0
23.965 -0
23.97 -0
23.975 -0
23.98 -0
23.985 -0
23.99 -0
23.995 -0
24 -0
24.005 0
24.01 0
24.015 0
24.02 0
24.025 0
24.03 0
24.035 0
24.04 0
24.045 0
24.05 0
24.055 0
24.06 0
24.065 0
24.07 0
24.075 0
24.08 0
24.085 0
24.09 0
24.095 0
24.1 -0
24.105 -0
24.11 -0
24.115 -0
24.12 -0
24.125 -0
24.13 -0
24.135 -0
24.14 -0
24.145 -0
24.15 -0
24.155 -0
24.16 -0
24.165 -0
24.17 -0
24.175 -0
24.18 -0
24.185 -0
24.19 -0
24.195 -0
24.2 -0
24.205 0
24.21 0
24.215 0
24.22 0
24.225 0
24.23 0
24.235 0
24.24 0
24.245 0
24.25 0
24.255 0
24.26 0
24.265 0
24.27 0
24.275 0
24.28 0
24.285 0
24.29 0
24.295 0
24.3 0
24.305 -0
24.31 -0
24.315 -0
24.32 -0
24.325 -0
24.33 -0
24.335 -0
24.34 -0
24.345 -0
24.35 -0
24.355 -0
24.36 -0
24.365 -0
24.37 -0
24.375 -0
24.38 -0
24.385 -0
24.39 -0
24.395 -0
24.4 -0
24.405 0
24.41 0
24.415 0
24.42 0
24.425 0
24.43 0
24.435 0
24.44 0
24.445 0
24.45 0
24.455 0
24.46 0
24.465 0
24.47 0
24.475 0
24.48 0
24.485 0
24.49 0
24.495 0
24.5 0
24.505 -0
24.51 -0
24.515 -0
24.52 -0
24.525 -0
24.53 -0
24.535 -0
24.54 -0
24.545 -0
24.55 -0
24.555 -0
24.56 -0
24.565 -0
24.57 -0
24.575 -0
24.58 -0
24.585 -0
24.59 -0
24.595 -0
24.6 -0
24.605 0
24.61 0
24.615 0
24.62 0
24.625 0
24.63 0
24.635 0
24.64 0
24.645 0
24.65 0
24.655 0
24.66 0
24.665 0
24.67 0
24.675 0
24.68 0
24.685 0
24.69 0
24.695 0
24.7 0
24.705 -0
24.71 -0
24.715 -0
24.72 -0
24.725 -0
24.73 -0
24.735 -0
24.74 -0
24.745 -0
24.75 -0
24.755 -0
24.76 -0
24.765 -0
24.77 -0
24.775 -0
24.78 -0
24.785 -0
24.79 -0
24.795 -0
24.8 -0
24.805 0
24.81 0
24.815 0
24.82 0
24.825 0
24.83 0
24.835 0
24.84 0
24.845 0
24.85 0
24.855 0
24.86 0
24.865 0
24.87 0
24.875 0
24.88 0
24.885 0
24.89 0
24.895 0
24.9 0
24.905 -0
24.91 -0
24.915 -0
24.92 -0
24.925 -0
24.93 -0
24.935 -0
24.94 -0
24.945 -0
24.95 -0
24.955 -0
24.96 -0
24.965 -0
24.97 -0
24.975 -0
24.98 -0
24.985 -0
24.99 -0
24.995 -0
25 -8.03532e-14
25.005 0.156434
25.01 0.309017
25.015 0.45399
25.02 0.587785
25.025 0.707107
25.03 0.809017
25.035 0.891007
25.04 0.951057
25.045 0.987688
25.05 1
25.055 0.987688
25.06 0.951057
25.065 0.891007
25.07 0.809017
25.075 0.707107
25.08 0.587785
25.085 0.45399
25.09 0.309017
25.095 0.156434
25.1 -2.25531e-14
25.105 -0.156434
25.11 -0.309017
25.115 -0.45399
25.12 -0.587785
25.125 -0.707107
25.13 -0.809017
25.135 -0.891007
25.14 -0.951057
25.145 -0.987688
25.15 -1
25.155 -0.987688
25.16 -0.951057
25.165 -0.891007
25.17 -0.809017
25.175 -0.707107
25.18 -0.587785
25.185 -0.45399
25.19 -0.309017
25.195 -0.156434
25.2 -1.01914e-13
25.205 0.156434
25.21 0.309017
25.215 0.45399
25.22 0.587785
25.225 0.707107
25.23 0.809017
25.235 0.891007
25.24 0.951057
25.245 0.987688
25.25 1
25.255 0.987688
25.26 0.951057
25.265 0.891007
25.27 0.809017
25.275 0.707107
25.28 0.587785
25.285 0.45399
25.29 0.309017
25.295 0.156434
25.3 -9.91882e-16
25.305 -0.156434
25.31 -0.309017
25.315 -0.45399
25.32 -0.587785
25.325 -0.707107
25.33 -0.809017
25.335 -0.891007
25.34 -0.951057
25.345 -0.987688
25.35 -1
25.355 -0.987688
25.36 -0.951057
25.365 -0.891007
25.37 -0.809017
25.375 -0.707107
25.38 -0.587785
25.385 -0.45399
25.39 -0.309017
25.395 -0.156434
25.4 -1.23476e-13
25.405 0.156434
25.41 0.309017
25.415 0.45399
25.42 0.587785
25.425 0.707107
25.43 0.809017
25.435 0.891007
25.44 0.951057
25.445 0.987688
25.45 1
25.455 0.987688
25.46 0.951057
25.465 0.891007
25.47 0.809017
25.475 0.707107
25.48 0.587785
25.485 0.45399
25.49 0.309017
25.495 0.156434
25.5 2.05693e-14
25.505 -0.156434
25.51 -0.309017
25.515 -0.45399
25.52 -0.587785
25.525 -0.707107
25.53 -0.809017
25.535 -0.891007
25.54 -0.951057
25.545 -0.987688
25.55 -1
25.555 -0.987688
25.56 -0.951057
25.565 -0.891007
25.57 -0.809017
25.575 -0.707107
25.58 -0.587785
25.585 -0.45399
25.59 -0.309017
25.595 -0.156434
25.6 -3.13499e-14
25.605 0.156434
25.61 0.309017
25.615 0.45399
25.62 0.587785
25.625 0.707107
25.63 0.809017
25.635 0.891007
25.64 0.951057
25.645 0.987688
25.65 1
25.655 0.987688
25.66 0.951057
25.665 0.891007
25.67 0.809017
25.675 0.707107
25.68 0.587785
25.685 0.45399
25.69 0.309017
25.695 0.156434
25.7 4.21305e-14
25.705 -0.156434
25.71 -0.309017
25.715 -0.45399
25.72 -0.587785
25.725 -0.707107
25.73 -0.809017
25.735 -0.891007
25.74 -0.951057
25.745 -0.987688
25.75 -1
25.755 -0.987688
25.76 -0.951057
25.765 -0.891007
25.77 -0.809017
25.775 -0.707107
25.78 -0.587785
25.785 -0.45399
25.79 -0.309017
25.795 -0.156434
25.8 -5.29111e-14
25.805 0.156434
25.81 0.309017
25.815 0.45399
25.82 0.587785
25.825 0.707107
25.83 0.809017
25.835 0.891007
25.84 0.951057
25.845 0.987688
25.85 1
25.855 0.987688
25.86 0.951057
25.865 0.891007
25.87 0.809017
25.875 0.707107
25.88 0.587785
25.885 0.45399
25.89 0.309017
25.895 0.156434
25.9 6.36917e-14
25.905 -0.156434
25.91 -0.309017
25.915 -0.45399
25.92 -0.587785
25.925 -0.707107
25.93 -0.809017
25.935 -0.891007
25.94 -0.951057
25.945 -0.987688
25.95 -1
25.955 -0.987688
25.96 -0.951057
25.965 -0.891007
25.97 -0.809017
25.975 -0.707107
25.98 -0.587785
25.985 -0.45399
25.99 -0.309017
25.995 -0.156434
26 -7.44723e-14
26.005 0.156434
26.01 0.309017
26.015 0.45399
26.02 0.587785
26.025 0.707107
26.03 0.809017
26.035 0.891007
26.04 0.951057
26.045 0.987688
26.05 1
26.055 0.987688
26.06 0.951057
26.065 0.891007
26.07 0.809017
26.075 0.707107
26.08 0.587785
26.085 0.45399
26.09 0.309017
26.095 0.156434
26.1 -2.84339e-14
26.105 -0.156434
26.11 -0.309017
26.115 -0.45399
26.12 -0.587785
26.125 -0.707107
26.13 -0.809017
26.135 -0.891007
26.14 -0.951057
26.145 -0.987688
26.15 -1
26.155 -0.987688
26.16 -0.951057
26.165 -0.891007
26.17 -0.809017
26.175 -0.707107
26.18 -0.587785
26.185 -0.45399
26.19 -0.309017
26.195 -0.156434
26.2 -9.60335e-14
26.205 0.156434
26.21 0.309017
26.215 0.45399
26.22 0.587785
26.225 0.707107
26.23 0.809017
26.235 0.891007
26.24 0.951057
26.245 0.987688
26.25 1
26.255 0.987688
26.26 0.951057
26.265 0.891007
26.27 0.809017
26.275 0.707107
26.28 0.587785
26.285 0.45399
26.29 0.309017
26.295 0.156434
26.3 -6.8727e-15
26.305 -0.156434
26.31 -0.309017
26.315 -0.45399
26.32 -0.587785
26.325 -0.707107
26.33 -0.809017
26.335 -0.891007
26.34 -0.951057
26.345 -0.987688
26.35 -1
26.355 -0.987688
26.36 -0.951057
26.365 -0.891007
26.37 -0.809017
26.375 -0.707107
26.38 -0.587785
26.385 -0.45399
26.39 -0.309017
26.395 -0.156434
26.4 -1.17595e-13
26.405 0.156434
26.41 0.309017
26.415 0.45399
26.42 0.587785
26.425 0.707107
26.43 0.809017
26.435 0.891007
26.44 0.951057
26.445 0.987688
26.45 1
26.455 0.987688
26.46 0.951057
26.465 0.891007
26.47 0.809017
26.475 0.707107
26.48 0.587785
26.485 0.45399
26.49 0.309017
26.495 0.156434
26.5 1.46885e-14
26.505 -0.156434
26.51 -0.309017
26.515 -0.45399
26.52 -0.587785
26.525 -0.707107
26.53 -0.809017
26.535 -0.891007
26.54 -0.951057
26.545 -0.987688
26.55 -1
26.555 -0.987688
26.56 -0.951057
26.565 -0.891007
26.57 -0.809017
26.575 -0.707107
26.58 -0.587785
26.585 -0.45399
26.59 -0.309017
26.595 -0.156434
26.6 -2.54691e-14
26.605 0.156434
26.61 0.309017
26.615 0.45399
26.62 0.587785
26.625 0.707107
26.63 0.809017
26.635 0.891007
26.64 0.951057
26.645 0.987688
26.65 1
26.655 0.987688
26.66 0.951057
26.665 0.891007
26.67 0.809017
26.675 0.707107
26.68 0.587785
26.685 0.45399
26.69 0.309017
26.695 0.156434
26.7 3.62497e-14
26.705 -0.156434
26.71 -0.309017
26.715 -0.45399
26.72 -0.587785
26.725 -0.707107
26.73 -0.809017
26.735 -0.891007
26.74 -0.951057
26.745 -0.987688
26.75 -1
26.755 -0.987688
26.76 -0.951057
26.765 -0.891007
26.77 -0.809017
26.775 -0.707107
26.78 -0.587785
26.785 -0.45399
26.79 -0.309017
26.795 -0.156434
26.8 -4.70303e-14
26.805 0.156434
26.81 0.309017
26.815 0.45399
26.82 0.587785
26.825 0.707107
26.83 0.809017
26.835 0.891007
26.84 0.951057
26.845 0.987688
26.85 1
26.855 0.987688
26.86 0.951057
26.865 0.891007
26.87 0.809017
26.875 0.707107
26.88 0.587785
26.885 0.45399
26.89 0.309017
26.895 0.156434
26.9 5.78109e-14
26.905 -0.156434
26.91 -0.309017
26.915 -0.45399
26.92 -0.587785
26.925 -0.707107
26.93 -0.809017
26.935 -0.891007
26.94 -0.951057
26.945 -0.987688
26.95 -1
26.955 -0.987688
26.96 -0.951057
26.965 -0.891007
26.97 -0.809017
26.975 -0.707107
26.98 -0.587785
26.985 -0.45399
26.99 -0.309017
26.995 -0.156434
27 -0
27.005 0
27.01 0
27.015 0
27.02 0
27.025 0
27.03 0
27.035 0
27.04 0
27.045 0
27.05 0
27.055 0
27.06 0
27.065 0
27.07 0
27.075 0
27.08 0
27.085 0
27.09 0
27.095 0
27.1 -0
27.105 -0
27.11 -0
27.115 -0
27.12 -0
27.125 -0
27.13 -0
27.135 -0
27.14 -0
27.145 -0
27.15 -0
27.155 -0
27.16 -0
27.165 -0
27.17 -0
27.175 -0
27.18 -0
27.185 -0
27.19 -0
27.195 -0
27.2 -0
27.205 0
27.21 0
27.215 0
27.22 0
27.225 0
27.23 0
27.235 0
27.24 0
27.245 0
27.25 0
27.255 0
27.26 0
27.265 0
27.27 0
27.275 0
27.28 0
27.285 0
27.29 0
27.295 0
27.3 -0
27.305 -0
27.31 -0
27.315 -0
27.32 -0
27.325 -0
27.33 -0
27.335 -0
27.34 -0
27.345 -0
27.35 -0
27.355 -0
27.36 -0
27.365 -0
27.37 -0
27.375 -0
27.38 -0
27.385 -0
27.39 -0
27.395 -0
27.4 -0
27.405 0
27.41 0
27.415 0
27.42 0
27.425 0
27.43 0
27.435 0
27.44 0
27.445 0
27.45 0
27.455 0
27.46 0
27.465 0
27.47 0
27.475 0
27.48 0
27.485 0
27.49 0
27.495 0
27.5 0
27.505 -0
27.51 -0
27.515 -0
27.52 -0
27.525 -0
27.53 -0
27.535 -0
27.54 -0
27.545 -0
27.55 -0
27.555 -0
27.56 -0
27.565 -0
27.57 -0
27.575 -0
27.58 -0
27.585 -0
27.59 -0
27.595 -0
27.6 -0
27.605 0
27.61 0
27.615 0
27.62 0
27.625 0
27.63 0
27.635 0
27.64 0
27.645 0
27.65 0
27.655 0
27.66 0
27.665 0
27.67 0
27.675 0
27.68 0
27.685 0
27.69 0
27.695 0
27.7 0
27.705 -0
27.71 -0
27.715 -0
27.72 -0
27.725 -0
27.73 -0
27.735 -0
27.74 -0
27.745 -0
27.75 -0
27.755 -0
27.76 -0
27.765 -0
27.77 -0
27.775 -0
27.78 -0
27.785 -0
27.79 -0
27.795 -0
27.8 -0
27.805 0
27.81 0
27.815 0
27.82 0
27.825 0
27.83 0
27.835 0
27.84 0
27.845 0
27.85 0
27.855 0
27.86 0
27.865 0
27.87 0
27.875 0
27.88 0
27.885 0
27.89 0
27.895 0
27.9 0
27.905 -0
27.91 -0
27.915 -0
27.92 -0
27.925 -0
27.93 -0
27.935 -0
27.94 -0
27.945 -0
27.95 -0
27.955 -0
27.96 -0
27.965 -0
27.97 -0
27.975 -0
27.98 -0
27.985 -0
27.99 -0
27.995 -0
28 -6.27107e-14
28.005 0.156434
28.01 0.309017
28.015 0.45399
28.02 0.587785
28.025 0.707107
28.03 0.809017
28.035 0.891007
28.04 0.951057
28.045 0.987688
28.05 1
28.055 0.987688
28.06 0.951057
28.065 0.891007
28.07 0.809017
28.075 0.707107
28.08 0.587785
28.085 0.45399
28.09 0.309017
28.095 0.156434
28.1 -4.01955e-14
28.105 -0.156434
28.11 -0.309017
28.115 -0.45399
28.12 -0.587785
28.125 -0.707107
28.13 -0.809017
28.135 -0.891007
28.14 -0.951057
28.145 -0.987688
28.15 -1
28.155 -0.987688
28.16 -0.951057
28.165 -0.891007
28.17 -0.809017
28.175 -0.707107
28.18 -0.587785
28.185 -0.45399
28.19 -0.309017
28.195 -0.156434
28.2 -8.42719e-14
28.205 0.156434
28.21 0.309017
28.215 0.45399
28.22 0.587785
28.225 0.707107
28.23 0.809017
28.235 0.891007
28.24 0.951057
28.245 0.987688
28.25 1
28.255 0.987688
28.26 0.951057
28.265 0.891007
28.27 0.809017
28.275 0.707107
28.28 0.587785
28.285 0.45399
28.29 0.309017
28.295 0.156434
28.3 -1.86343e-14
28.305 -0.156434
28.31 -0.309017
28.315 -0.45399
28.32 -0.587785
28.325 -0.707107
28.33 -0.809017
28.335 -0.891007
28.34 -0.951057
28.345 -0.987688
28.35 -1
28.355 -0.987688
28.36 -0.951057
28.365 -0.891007
28.37 -0.809017
28.375 -0.707107
28.38 -0.587785
28.385 -0.45399
28.39 -0.309017
28.395 -0.156434
28.4 -1.05833e-13
28.405 0.156434
28.41 0.309017
28.415 0.45399
28.42 0.587785
28.425 0.707107
28.43 0.809017
28.435 0.891007
28.44 0.951057
28.445 0.987688
28.45 1
28.455 0.987688
28.46 0.951057
28.465 0.891007
28.47 0.809017
28.475 0.707107
28.48 0.587785
28.485 0.45399
28.49 0.309017
28.495 0.156434
28.5 2.92686e-15
28.505 -0.156434
28.51 -0.309017
28.515 -0.45399
28.52 -0.587785
28.525 -0.707107
28.53 -0.809017
28.535 -0.891007
28.54 -0.951057
28.545 -0.987688
28.55 -1
28.555 -0.987688
28.56 -0.951057
28.565 -0.891007
28.57 -0.809017
28.575 -0.707107
28.58 -0.587785
28.585 -0.45399
28.59 -0.309017
28.595 -0.156434
28.6 -1.37075e-14
28.605 0.156434
28.61 0.309017
28.615 0.45399
28.62 0.587785
28.625 0.707107
28.63 0.809017
28.635 0.891007
28.64 0.951057
28.645 0.987688
28.65 1
28.655 0.987688
28.66 0.951057
28.665 0.891007
28.67 0.809017
28.675 0.707107
28.68 0.587785
28.685 0.45399
28.69 0.309017
28.695 0.156434
28.7 2.44881e-14
28.705 -0.156434
28.71 -0.309017
28.715 -0.45399
28.72 -0.587785
28.725 -0.707107
28.73 -0.809017
28.735 -0.891007
28.74 -0.951057
28.745 -0.987688
28.75 -1
28.755 -0.987688
28.76 -0.951057
28.765 -0.891007
28.77 -0.809017
28.775 -0.707107
28.78 -0.587785
28.785 -0.45399
28.79 -0.309017
28.795 -0.156434
28.8 -3.52687e-14
28.805 0.156434
28.81 0.309017
28.815 0.45399
28.82 0.587785
28.825 0.707107
28.83 0.809017
28.835 0.891007
28.84 0.951057
28.845 0.987688
28.85 1
28.855 0.987688
28.86 0.951057
28.865 0.891007
28.87 0.809017
28.875 0.707107
28.88 0.587785
28.885 0.45399
28.89 0.309017
28.895 0.156434
28.9 4.60493e-14
28.905 -0.156434
28.91 -0.309017
28.915 -0.45399
28.92 -0.587785
28.925 -0.707107
28.93 -0.809017
28.935 -0.891007
28.94 -0.951057
28.945 -0.987688
28.95 -1
28.955 -0.987688
28.96 -0.951057
28.965 -0.891007
28.97 -0.809017
28.975 -0.707107
28.98 -0.587785
28.985 -0.45399
28.99 -0.309017
28.995 -0.156434
29 -5.68299e-14
29.005 0.156434
29.01 0.309017
29.015 0.45399
29.02 0.587785
29.025 0.707107
29.03 0.809017
29.035 0.891007
29.04 0.951057
29.045 0.987688
29.05 1
29.055 0.987688
29.06 0.951057
29.065 0.891007
29.07 0.809017
29.075 0.707107
29.08 0.587785
29.085 0.45399
29.09 0.309017
29.095 0.156434
29.1 -4.60764e-14
29.105 -0.156434
29.11 -0.309017
29.115 -0.45399
29.12 -0.587785
29.125 -0.707107
29.13 -0.809017
29.135 -0.891007
29.14 -0.951057
29.145 -0.987688
29.15 -1
29.155 -0.987688
29.16 -0.951057
29.165 -0.891007
29.17 -0.809017
29.175 -0.707107
29.18 -0.587785
29.185 -0.45399
29.19 -0.309017
29.195 -0.156434
29.2 -7.83911e-14
29.205 0.156434
29.21 0.309017
29.215 0.45399
29.22 0.587785
29.225 0.707107
29.23 0.809017
29.235 0.891007
29.24 0.951057
29.245 0.987688
29.25 1
29.255 0.987688
29.26 0.951057
29.265 0.891007
29.27 0.809017
29.275 0.707107
29.28 0.587785
29.285 0.45399
29.29 0.309017
29.295 0.156434
29.3 -2.45152e-14
29.305 -0.156434
29.31 -0.309017
29.315 -0.45399
29.32 -0.587785
29.325 -0.707107
29.33 -0.809017
29.335 -0.891007
29.34 -0.951057
29.345 -0.987688
29.35 -1
29.355 -0.987688
29.36 -0.951057
29.365 -0.891007
29.37 -0.809017
29.375 -0.707107
29.38 -0.587785
29.385 -0.45399
29.39 -0.309017
29.395 -0.156434
29.4 -9.99523e-14
29.405 0.156434
29.41 0.309017
29.415 0.45399
29.42 0.587785
29.425 0.707107
29.43 0.809017
29.435 0.891007
29.44 0.951057
29.445 0.987688
29.45 1
29.455 0.987688
29.46 0.951057
29.465 0.891007
29.47 0.809017
29.475 0.707107
29.48 0.587785
29.485 0.45399
29.49 0.309017
29.495 0.156434
29.5 -2.95396e-15
29.505 -0.156434
29.51 -0.309017
29.515 -0.45399
29.52 -0.587785
29.525 -0.707107
29.53 -0.809017
29.535 -0.891007
29.54 -0.951057
29.545 -0.987688
29.55 -1
29.555 -0.987688
29.56 -0.951057
29.565 -0.891007
29.57 -0.809017
29.575 -0.707107
29.58 -0.587785
29.585 -0.45399
29.59 -0.309017
29.595 -0.156434
29.6 -7.82664e-15
29.605 0.156434
29.61 0.309017
29.615 0.45399
29.62 0.587785
29.625 0.707107
29.63 0.809017
29.635 0.891007
29.64 0.951057
29.645 0.987688
29.65 1
29.655 0.987688
29.66 0.951057
29.665 0.891007
29.67 0.809017
29.675 0.707107
29.68 0.587785
29.685 0.45399
29.69 0.309017
29.695 0.156434
29.7 1.86072e-14
29.705 -0.156434
29.71 -0.309017
29.715 -0.45399
29.72 -0.587785
29.725 -0.707107
29.73 -0.809017
29.735 -0.891007
29.74 -0.951057
29.745 -0.987688
29.75 -1
29.755 -0.987688
29.76 -0.951057
29.765 -0.891007
29.77 -0.809017
29.775 -0.707107
29.78 -0.587785
29.785 -0.45399
29.79 -0.309017
29.795 -0.156434
29.8 -2.93878e-14
29.805 0.156434
29.81 0.309017
29.815 0.45399
29.82 0.587785
29.825 0.707107
29.83 0.809017
29.835 0.891007
29.84 0.951057
29.845 0.987688
29.85 1
29.855 0.987688
29.86 0.951057
29.865 0.891007
29.87 0.809017
29.875 0.707107
29.88 0.587785
29.885 0.45399
29.89 0.309017
29.895 0.156434
29.9 4.01684e-14
29.905 -0.156434
29.91 -0.309017
29.915 -0.45399
29.92 -0.587785
29.925 -0.707107
29.93 -0.809017
29.935 -0.891007
29.94 -0.951057
29.945 -0.987688
29.95 -1
29.955 -0.987688
29.96 -0.951057
29.965 -0.891007
29.97 -0.809017
29.975 -0.707107
29.98 -0.587785
29.985 -0.45399
29.99 -0.309017
29.995 -0.156434
30 -0
30.005 0
30.01 0
30.015 0
30.02 0
30.025 0
30.03 0
30.035 0
30.04 0
30.045 0
30.05 0
30.055 0
30.06 0
30.065 0
30.07 0
30.075 0
30.08 0
30.085 0
30.09 0
30.095 0
30.1 -0
30.105 -0
30.11 -0
30.115 -0
30.12 -0
30.125 -0
30.13 -0
30.135 -0
30.14 -0
30.145 -0
30.15 -0
30.155 -0
30.16 -0
30.165 -0
30.17 -0
30.175 -0
30.18 -0
30.185 -0
30.19 -0
30.195 -0
30.2 -0
30.205 0
30.21 0
30.215 0
30.22 0
30.225 0
30.23 0
30.235 0
30.24 0
30.245 0
30.25 0
30.255 0
30.26 0
30.265 0
30.27 0
30.275 0
30.28 0
30.285 0
30.29 0
30.295 0
30.3 -0
30.305 -0
30.31 -0
30.315 -0
30.32 -0
30.325 -0
30.33 -0
30.335 -0
30.34 -0
30.345 -0
30.35 -0
30.355 -0
30.36 -0
30.365 -0
30.37 -0
30.375 -0
30.38 -0
30.385 -0
30.39 -0
30.395 -0
30.4 -0
30.405 0
30.41 0
30.415 0
30.42 0
30.425 0
30.43 0
30.435 0
30.44 0
30.445 0
30.45 0
30.455 0
30.46 0
30.465 0
30.47 0
30.475 0
30.48 0
30.485 0
30.49 0
30.495 0
30.5 -0
30.505 -0
30.51 -0
30.515 -0
30.52 -0
30.525 -0
30.53 -0
30.535 -0
30.54 -0
30.545 -0
30.55 -0
30.555 -0
30.56 -0
30.565 -0
30.57 -0
30.575 -0
30.58 -0
30.585 -0
30.59 -0
30.595 -0
30.6 -0
30.605 0
30.61 0
30.615 0
30.62 0
30.625 0
30.63 0
30.635 0
30.64 0
30.645 0
30.65 0
30.655 0
30.66 0
30.665 0
30.67 0
30.675 0
30.68 0
30.685 0
30.69 0
30.695 0
30.7 0
30.705 -0
30.71 -0
30.715 -0
30.72 -0
30.725 -0
30.73 -0
30.735 -0
30.74 -0
30.745 -0
30.75 -0
30.755 -0
30.76 -0
30.765 -0
30.77 -0
30.775 -0
30.78 -0
30.785 -0
30.79 -0
30.795 -0
30.8 -0
30.805 0
30.81 0
30.815 0
30.82 0
30.825 0
30.83 0
30.835 0
30.84 0
30.845 0
30.85 0
30.855 0
30.86 0
30.865 0
30.87 0
30.875 0
30.88 0
30.885 0
30.89 0
30.895 0
30.9 0
30.905 -0
30.91 -0
30.915 -0
30.92 -0
30.925 -0
30.93 -0
30.935 -0
30.94 -0
30.945 -0
30.95 -0
30.955 -0
30.96 -0
30.965 -0
30.97 -0
30.975 -0
30.98 -0
30.985 -0
30.99 -0
30.995 -0
31 -0
31.005 0
31.01 0
31.015 0
31.02 0
31.025 0
31.03 0
31.035 0
31.04 0
31.045 0
31.05 0
31.055 0
31.06 0
31.065 0
31.07 0
31.075 0
31.08 0
31.085 0
31.09 0
31.095 0
31.1 -0
31.105 -0
31.11 -0
31.115 -0
31.12 -0
31.125 -0
31.13 -0
31.135 -0
31.14 -0
31.145 -0
31.15 -0
31.155 -0
31.16 -0
31.165 -0
31.17 -0
31.175 -0
31.18 -0
31.185 -0
31.19 -0
31.195 -0
31.2 -0
31.205 0
31.21 0
31.215 0
31.22 0
31.225 0
31.23 0
31.235 0
31.24 0
31.245 0
31.25 0
31.255 0
31.26 0
31.265 0
31.27 0
31.275 0
31.28 0
31.285 0
31.29 0
31.295 0
31.3 -0
31.305 -0
31.31 -0
31.315 -0
31.32 -0
31.325 -0
31.33 -0
31.335 -0
31.34 -0
31.345 -0
31.35 -0
31.355 -0
31.36 -0
31.365 -0
31.37 -0
31.375 -0
31.38 -0
31.385 -0
31.39 -0
31.395 -0
31.4 -0
31.405 0
31.41 0
31.415 0
31.42 0
31.425 0
31.43 0
31.435 0
31.44 0
31.445 0
31.45 0
31.455 0
31.46 0
31.465 0
31.47 0
31.475 0
31.48 0
31.485 0
31.49 0
31.495 0
31.5 -0
31.505 -0
31.51 -0
31.515 -0
31.52 -0
31.525 -0
31.53 -0
31.535 -0
31.54 -0
31.545 -0
31.55 -0
31.555 -0
31.56 -0
31.565 -0
31.57 -0
31.575 -0
31.58 -0
31.585 -0
31.59 -0
31.595 -0
31.6 0
31.605 0
31.61 0
31.615 0
31.62 0
31.625 0
31.63 0
31.635 0
31.64 0
31.645 0
31.65 0
31.655 0
31.66 0
31.665 0
31.67 0
31.675 0
31.68 0
31.685 0
31.69 0
31.695 0
31.7 0
31.705 -0
31.71 -0
31.715 -0
31.72 -0
31.725 -0
31.73 -0
31.735 -0
31.74 -0
31.745 -0
31.75 -0
31.755 -0
31.76 -0
31.765 -0
31.77 -0
31.775 -0
31.78 -0
31.785 -0
31.79 -0
31.795 -0
31.8 -0
31.805 0
31.81 0
31.815 0
31.82 0
31.825 0
31.83 0
31.835 0
31.84 0
31.845 0
31.85 0
31.855 0
31.86 0
31.865 0
31.87 0
31.875 0
31.88 0
31.885 0
31.89 0
31.895 0
31.9 0
31.905 -0
31.91 -0
31.915 -0
31.92 -0
31.925 -0
31.93 -0
31.935 -0
31.94 -0
31.945 -0
31.95 -0
31.955 -0
31.96 -0
31.965 -0
31.97 -0
31.975 -0
31.98 -0
31.985 -0
31.99 -0
31.995 -0
