0 0
0.005 0.156434
0.01 0.309017
0.015 0.45399
0.02 0.587785
0.025 0.707107
0.03 0.809017
0.035 0.891007
0.04 0.951057
0.045 0.987688
0.05 1
0.055 0.987688
0.06 0.951057
0.065 0.891007
0.07 0.809017
0.075 0.707107
0.08 0.587785
0.085 0.45399
0.09 0.309017
0.095 0.156434
0.1 1.22461e-16
0.105 -0.156434
0.11 -0.309017
0.115 -0.45399
0.12 -0.587785
0.125 -0.707107
0.13 -0.809017
0.135 -0.891007
0.14 -0.951057
0.145 -0.987688
0.15 -1
0.155 -0.987688
0.16 -0.951057
0.165 -0.891007
0.17 -0.809017
0.175 -0.707107
0.18 -0.587785
0.185 -0.45399
0.19 -0.309017
0.195 -0.156434
0.2 -2.44921e-16
0.205 0.156434
0.21 0.309017
0.215 0.45399
0.22 0.587785
0.225 0.707107
0.23 0.809017
0.235 0.891007
0.24 0.951057
0.245 0.987688
0.25 1
0.255 0.987688
0.26 0.951057
0.265 0.891007
0.27 0.809017
0.275 0.707107
0.28 0.587785
0.285 0.45399
0.29 0.309017
0.295 0.156434
0.3 3.67382e-16
0.305 -0.156434
0.31 -0.309017
0.315 -0.45399
0.32 -0.587785
0.325 -0.707107
0.33 -0.809017
0.335 -0.891007
0.34 -0.951057
0.345 -0.987688
0.35 -1
0.355 -0.987688
0.36 -0.951057
0.365 -0.891007
0.37 -0.809017
0.375 -0.707107
0.38 -0.587785
0.385 -0.45399
0.39 -0.309017
0.395 -0.156434
0.4 -4.89843e-16
0.405 0.156434
0.41 0.309017
0.415 0.45399
0.42 0.587785
0.425 0.707107
0.43 0.809017
0.435 0.891007
0.44 0.951057
0.445 0.987688
0.45 1
0.455 0.987688
0.46 0.951057
0.465 0.891007
0.47 0.809017
0.475 0.707107
0.48 0.587785
0.485 0.45399
0.49 0.309017
0.495 0.156434
0.5 6.12303e-16
0.505 -0.156434
0.51 -0.309017
0.515 -0.45399
0.52 -0.587785
0.525 -0.707107
0.53 -0.809017
0.535 -0.891007
0.54 -0.951057
0.545 -0.987688
0.55 -1
0.555 -0.987688
0.56 -0.951057
0.565 -0.891007
0.57 -0.809017
0.575 -0.707107
0.58 -0.587785
0.585 -0.45399
0.59 -0.309017
0.595 -0.156434
0.6 -7.34764e-16
0.605 0.156434
0.61 0.309017
0.615 0.45399
0.62 0.587785
0.625 0.707107
0.63 0.809017
0.635 0.891007
0.64 0.951057
0.645 0.987688
0.65 1
0.655 0.987688
0.66 0.951057
0.665 0.891007
0.67 0.809017
0.675 0.707107
0.68 0.587785
0.685 0.45399
0.69 0.309017
0.695 0.156434
0.7 -2.69549e-15
0.705 -0.156434
0.71 -0.309017
0.715 -0.45399
0.72 -0.587785
0.725 -0.707107
0.73 -0.809017
0.735 -0.891007
0.74 -0.951057
0.745 -0.987688
0.75 -1
0.755 -0.987688
0.76 -0.951057
0.765 -0.891007
0.77 -0.809017
0.775 -0.707107
0.78 -0.587785
0.785 -0.45399
0.79 -0.309017
0.795 -0.156434
0.8 -9.79685e-16
0.805 0.156434
0.81 0.309017
0.815 0.45399
0.82 0.587785
0.825 0.707107
0.83 0.809017
0.835 0.891007
0.84 0.951057
0.845 0.987688
0.85 1
0.855 0.987688
0.86 0.951057
0.865 0.891007
0.87 0.809017
0.875 0.707107
0.88 0.587785
0.885 0.45399
0.89 0.309017
0.895 0.156434
0.9 1.10215e-15
0.905 -0.156434
0.91 -0.309017
0.915 -0.45399
0.92 -0.587785
0.925 -0.707107
0.93 -0.809017
0.935 -0.891007
0.94 -0.951057
0.945 -0.987688
0.95 -1
0.955 -0.987688
0.96 -0.951057
0.965 -0.891007
0.97 -0.809017
0.975 -0.707107
0.98 -0.587785
0.985 -0.45399
0.99 -0.309017
0.995 -0.156434
1 -2.44921e-15
1.005 0.309017
1.01 0.587785
1.015 0.809017
1.02 0.951057
1.025 1
1.03 0.951057
1.035 0.809017
1.04 0.587785
1.045 0.309017
1.05 -9.8104e-16
1.055 -0.309017
1.06 -0.587785
1.065 -0.809017
1.07 -0.951057
1.075 -1
1.08 -0.951057
1.085 -0.809017
1.09 -0.587785
1.095 -0.309017
1.1 4.41129e-15
1.105 0.309017
1.11 0.587785
1.115 0.809017
1.12 0.951057
1.125 1
1.13 0.951057
1.135 0.809017
1.14 0.587785
1.145 0.309017
1.15 6.36931e-15
1.155 -0.309017
1.16 -0.587785
1.165 -0.809017
1.17 -0.951057
1.175 -1
1.18 -0.951057
1.185 -0.809017
1.19 -0.587785
1.195 -0.309017
1.2 -2.93906e-15
1.205 0.309017
1.21 0.587785
1.215 0.809017
1.22 0.951057
1.225 1
1.23 0.951057
1.235 0.809017
1.24 0.587785
1.245 0.309017
1.25 -4.91198e-16
1.255 -0.309017
1.26 -0.587785
1.265 -0.809017
1.27 -0.951057
1.275 -1
1.28 -0.951057
1.285 -0.809017
1.29 -0.587785
1.295 -0.309017
1.3 3.92145e-15
1.305 0.309017
1.31 0.587785
1.315 0.809017
1.32 0.951057
1.325 1
1.33 0.951057
1.335 0.809017
1.34 0.587785
1.345 0.309017
1.35 -7.3517e-15
1.355 -0.309017
1.36 -0.587785
1.365 -0.809017
1.37 -0.951057
1.375 -1
1.38 -0.951057
1.385 -0.809017
1.39 -0.587785
1.395 -0.309017
1.4 -3.4289e-15
1.405 0.309017
1.41 0.587785
1.415 0.809017
1.42 0.951057
1.425 1
1.43 0.951057
1.435 0.809017
1.44 0.587785
1.445 0.309017
1.45 -1.35525e-18
1.455 -0.309017
1.46 -0.587785
1.465 -0.809017
1.47 -0.951057
1.475 -1
1.48 -0.951057
1.485 -0.809017
1.49 -0.587785
1.495 -0.309017
1.5 -1.07792e-14
1.505 0.309017
1.51 0.587785
1.515 0.809017
1.52 0.951057
1.525 1
1.53 0.951057
1.535 0.809017
1.54 0.587785
1.545 0.309017
1.55 7.34899e-15
1.555 -0.309017
1.56 -0.587785
1.565 -0.809017
1.57 -0.951057
1.575 -1
1.58 -0.951057
1.585 -0.809017
1.59 -0.587785
1.595 -0.309017
1.6 -3.91874e-15
1.605 0.309017
1.61 0.587785
1.615 0.809017
1.62 0.951057
1.625 1
1.63 0.951057
1.635 0.809017
1.64 0.587785
1.645 0.309017
1.65 1.46993e-14
1.655 -0.309017
1.66 -0.587785
1.665 -0.809017
1.67 -0.951057
1.675 -1
1.68 -0.951057
1.685 -0.809017
1.69 -0.587785
1.695 -0.309017
1.7 2.94177e-15
1.705 0.309017
1.71 0.587785
1.715 0.809017
1.72 0.951057
1.725 1
1.73 0.951057
1.735 0.809017
1.74 0.587785
1.745 0.309017
1.75 7.83884e-15
1.755 -0.309017
1.76 -0.587785
1.765 -0.809017
1.77 -0.951057
1.775 -1
1.78 -0.951057
1.785 -0.809017
1.79 -0.587785
1.795 -0.309017
1.8 -4.40858e-15
1.805 0.309017
1.81 0.587785
1.815 0.809017
1.82 0.951057
1.825 1
1.83 0.951057
1.835 0.809017
1.84 0.587785
1.845 0.309017
1.85 9.7833e-16
1.855 -0.309017
1.86 -0.587785
1.865 -0.809017
1.87 -0.951057
1.875 -1
1.88 -0.951057
1.885 -0.809017
1.89 -0.587785
1.895 -0.309017
1.9 -1.17589e-14
1.905 0.309017
1.91 0.587785
1.915 0.809017
1.92 0.951057
1.925 1
1.93 0.951057
1.935 0.809017
1.94 0.587785
1.945 0.309017
1.95 -5.88218e-15
1.955 -0.309017
1.96 -0.587785
1.965 -0.809017
1.97 -0.951057
1.975 -1
1.98 -0.951057
1.985 -0.809017
1.99 -0.587785
1.995 -0.309017
2 -2.44921e-15
2.005 0.156434
2.01 0.309017
2.015 0.45399
2.02 0.587785
2.025 0.707107
2.03 0.809017
2.035 0.891007
2.04 0.951057
2.045 0.987688
2.05 1
2.055 0.987688
2.06 0.951057
2.065 0.891007
2.07 0.809017
2.075 0.707107
2.08 0.587785
2.085 0.45399
2.09 0.309017
2.095 0.156434
2.1 -9.8104e-16
2.105 -0.156434
2.11 -0.309017
2.115 -0.45399
2.12 -0.587785
2.125 -0.707107
2.13 -0.809017
2.135 -0.891007
2.14 -0.951057
2.145 -0.987688
2.15 -1
2.155 -0.987688
2.16 -0.951057
2.165 -0.891007
2.17 -0.809017
2.175 -0.707107
2.18 -0.587785
2.185 -0.45399
2.19 -0.309017
2.195 -0.156434
2.2 4.41129e-15
2.205 0.156434
2.21 0.309017
2.215 0.45399
2.22 0.587785
2.225 0.707107
2.23 0.809017
2.235 0.891007
2.24 0.951057
2.245 0.987688
2.25 1
2.255 0.987688
2.26 0.951057
2.265 0.891007
2.27 0.809017
2.275 0.707107
2.28 0.587785
2.285 0.45399
2.29 0.309017
2.295 0.156434
2.3 6.36931e-15
2.305 -0.156434
2.31 -0.309017
2.315 -0.45399
2.32 -0.587785
2.325 -0.707107
2.33 -0.809017
2.335 -0.891007
2.34 -0.951057
2.345 -0.987688
2.35 -1
2.355 -0.987688
2.36 -0.951057
2.365 -0.891007
2.37 -0.809017
2.375 -0.707107
2.38 -0.587785
2.385 -0.45399
2.39 -0.309017
2.395 -0.156434
2.4 -2.93906e-15
2.405 0.156434
2.41 0.309017
2.415 0.45399
2.42 0.587785
2.425 0.707107
2.43 0.809017
2.435 0.891007
2.44 0.951057
2.445 0.987688
2.45 1
2.455 0.987688
2.46 0.951057
2.465 0.891007
2.47 0.809017
2.475 0.707107
2.48 0.587785
2.485 0.45399
2.49 0.309017
2.495 0.156434
2.5 -4.91198e-16
2.505 -0.156434
2.51 -0.309017
2.515 -0.45399
2.52 -0.587785
2.525 -0.707107
2.53 -0.809017
2.535 -0.891007
2.54 -0.951057
2.545 -0.987688
2.55 -1
2.555 -0.987688
2.56 -0.951057
2.565 -0.891007
2.57 -0.809017
2.575 -0.707107
2.58 -0.587785
2.585 -0.45399
2.59 -0.309017
2.595 -0.156434
2.6 3.92145e-15
2.605 0.156434
2.61 0.309017
2.615 0.45399
2.62 0.587785
2.625 0.707107
2.63 0.809017
2.635 0.891007
2.64 0.951057
2.645 0.987688
2.65 1
2.655 0.987688
2.66 0.951057
2.665 0.891007
2.67 0.809017
2.675 0.707107
2.68 0.587785
2.685 0.45399
2.69 0.309017
2.695 0.156434
2.7 -7.3517e-15
2.705 -0.156434
2.71 -0.309017
2.715 -0.45399
2.72 -0.587785
2.725 -0.707107
2.73 -0.809017
2.735 -0.891007
2.74 -0.951057
2.745 -0.987688
2.75 -1
2.755 -0.987688
2.76 -0.951057
2.765 -0.891007
2.77 -0.809017
2.775 -0.707107
2.78 -0.587785
2.785 -0.45399
2.79 -0.309017
2.795 -0.156434
2.8 -3.4289e-15
2.805 0.156434
2.81 0.309017
2.815 0.45399
2.82 0.587785
2.825 0.707107
2.83 0.809017
2.835 0.891007
2.84 0.951057
2.845 0.987688
2.85 1
2.855 0.987688
2.86 0.951057
2.865 0.891007
2.87 0.809017
2.875 0.707107
2.88 0.587785
2.885 0.45399
2.89 0.309017
2.895 0.156434
2.9 -1.35525e-18
2.905 -0.156434
2.91 -0.309017
2.915 -0.45399
2.92 -0.587785
2.925 -0.707107
2.93 -0.809017
2.935 -0.891007
2.94 -0.951057
2.945 -0.987688
2.95 -1
2.955 -0.987688
2.96 -0.951057
2.965 -0.891007
2.97 -0.809017
2.975 -0.707107
2.98 -0.587785
2.985 -0.45399
2.99 -0.309017
2.995 -0.156434
3 -1.07792e-14
3.005 0.156434
3.01 0.309017
3.015 0.45399
3.02 0.587785
3.025 0.707107
3.03 0.809017
3.035 0.891007
3.04 0.951057
3.045 0.987688
3.05 1
3.055 0.987688
3.06 0.951057
3.065 0.891007
3.07 0.809017
3.075 0.707107
3.08 0.587785
3.085 0.45399
3.09 0.309017
3.095 0.156434
3.1 7.34899e-15
3.105 -0.156434
3.11 -0.309017
3.115 -0.45399
3.12 -0.587785
3.125 -0.707107
3.13 -0.809017
3.135 -0.891007
3.14 -0.951057
3.145 -0.987688
3.15 -1
3.155 -0.987688
3.16 -0.951057
3.165 -0.891007
3.17 -0.809017
3.175 -0.707107
3.18 -0.587785
3.185 -0.45399
3.19 -0.309017
3.195 -0.156434
3.2 -3.91874e-15
3.205 0.156434
3.21 0.309017
3.215 0.45399
3.22 0.587785
3.225 0.707107
3.23 0.809017
3.235 0.891007
3.24 0.951057
3.245 0.987688
3.25 1
3.255 0.987688
3.26 0.951057
3.265 0.891007
3.27 0.809017
3.275 0.707107
3.28 0.587785
3.285 0.45399
3.29 0.309017
3.295 0.156434
3.3 1.46993e-14
3.305 -0.156434
3.31 -0.309017
3.315 -0.45399
3.32 -0.587785
3.325 -0.707107
3.33 -0.809017
3.335 -0.891007
3.34 -0.951057
3.345 -0.987688
3.35 -1
3.355 -0.987688
3.36 -0.951057
3.365 -0.891007
3.37 -0.809017
3.375 -0.707107
3.38 -0.587785
3.385 -0.45399
3.39 -0.309017
3.395 -0.156434
3.4 -1.12691e-14
3.405 0.156434
3.41 0.309017
3.415 0.45399
3.42 0.587785
3.425 0.707107
3.43 0.809017
3.435 0.891007
3.44 0.951057
3.445 0.987688
3.45 1
3.455 0.987688
3.46 0.951057
3.465 0.891007
3.47 0.809017
3.475 0.707107
3.48 0.587785
3.485 0.45399
3.49 0.309017
3.495 0.156434
3.5 7.83884e-15
3.505 -0.156434
3.51 -0.309017
3.515 -0.45399
3.52 -0.587785
3.525 -0.707107
3.53 -0.809017
3.535 -0.891007
3.54 -0.951057
3.545 -0.987688
3.55 -1
3.555 -0.987688
3.56 -0.951057
3.565 -0.891007
3.57 -0.809017
3.575 -0.707107
3.58 -0.587785
3.585 -0.45399
3.59 -0.309017
3.595 -0.156434
3.6 -4.40858e-15
3.605 0.156434
3.61 0.309017
3.615 0.45399
3.62 0.587785
3.625 0.707107
3.63 0.809017
3.635 0.891007
3.64 0.951057
3.645 0.987688
3.65 1
3.655 0.987688
3.66 0.951057
3.665 0.891007
3.67 0.809017
3.675 0.707107
3.68 0.587785
3.685 0.45399
3.69 0.309017
3.695 0.156434
3.7 9.7833e-16
3.705 -0.156434
3.71 -0.309017
3.715 -0.45399
3.72 -0.587785
3.725 -0.707107
3.73 -0.809017
3.735 -0.891007
3.74 -0.951057
3.745 -0.987688
3.75 -1
3.755 -0.987688
3.76 -0.951057
3.765 -0.891007
3.77 -0.809017
3.775 -0.707107
3.78 -0.587785
3.785 -0.45399
3.79 -0.309017
3.795 -0.156434
3.8 -1.17589e-14
3.805 0.156434
3.81 0.309017
3.815 0.45399
3.82 0.587785
3.825 0.707107
3.83 0.809017
3.835 0.891007
3.84 0.951057
3.845 0.987688
3.85 1
3.855 0.987688
3.86 0.951057
3.865 0.891007
3.87 0.809017
3.875 0.707107
3.88 0.587785
3.885 0.45399
3.89 0.309017
3.895 0.156434
3.9 8.32868e-15
3.905 -0.156434
3.91 -0.309017
3.915 -0.45399
3.92 -0.587785
3.925 -0.707107
3.93 -0.809017
3.935 -0.891007
3.94 -0.951057
3.945 -0.987688
3.95 -1
3.955 -0.987688
3.96 -0.951057
3.965 -0.891007
3.97 -0.809017
3.975 -0.707107
3.98 -0.587785
3.985 -0.45399
3.99 -0.309017
3.995 -0.156434
4 -9.79685e-15
4.005 0.309017
4.01 0.587785
4.015 0.809017
4.02 0.951057
4.025 1
4.03 0.951057
4.035 0.809017
4.04 0.587785
4.045 0.309017
4.05 2.05775e-14
4.055 -0.309017
4.06 -0.587785
4.065 -0.809017
4.07 -0.951057
4.075 -1
4.08 -0.951057
4.085 -0.809017
4.09 -0.587785
4.095 -0.309017
4.1 -3.13581e-14
4.105 0.309017
4.11 0.587785
4.115 0.809017
4.12 0.951057
4.125 1
4.13 0.951057
4.135 0.809017
4.14 0.587785
4.145 0.309017
4.15 -1.47048e-14
4.155 -0.309017
4.16 -0.587785
4.165 -0.809017
4.17 -0.951057
4.175 -1
4.18 -0.951057
4.185 -0.809017
4.19 -0.587785
4.195 -0.309017
4.2 3.92416e-15
4.205 0.309017
4.21 0.587785
4.215 0.809017
4.22 0.951057
4.225 1
4.23 0.951057
4.235 0.809017
4.24 0.587785
4.245 0.309017
4.25 6.85644e-15
4.255 -0.309017
4.26 -0.587785
4.265 -0.809017
4.27 -0.951057
4.275 -1
4.28 -0.951057
4.285 -0.809017
4.29 -0.587785
4.295 -0.309017
4.3 -1.7637e-14
4.305 0.309017
4.31 0.587785
4.315 0.809017
4.32 0.951057
4.325 1
4.33 0.951057
4.335 0.809017
4.34 0.587785
4.345 0.309017
4.35 2.84176e-14
4.355 -0.309017
4.36 -0.587785
4.365 -0.809017
4.37 -0.951057
4.375 -1
4.38 -0.951057
4.385 -0.809017
4.39 -0.587785
4.395 -0.309017
4.4 1.76452e-14
4.405 0.309017
4.41 0.587785
4.415 0.809017
4.42 0.951057
4.425 1
4.43 0.951057
4.435 0.809017
4.44 0.587785
4.445 0.309017
4.45 -6.86457e-15
4.455 -0.309017
4.46 -0.587785
4.465 -0.809017
4.47 -0.951057
4.475 -1
4.48 -0.951057
4.485 -0.809017
4.49 -0.587785
4.495 -0.309017
4.5 -3.91603e-15
4.505 0.309017
4.51 0.587785
4.515 0.809017
4.52 0.951057
4.525 1
4.53 0.951057
4.535 0.809017
4.54 0.587785
4.545 0.309017
4.55 1.46966e-14
4.555 -0.309017
4.56 -0.587785
4.565 -0.809017
4.57 -0.951057
4.575 -1
4.58 -0.951057
4.585 -0.809017
4.59 -0.587785
4.595 -0.309017
4.6 -2.54772e-14
4.605 0.309017
4.61 0.587785
4.615 0.809017
4.62 0.951057
4.625 1
4.63 0.951057
4.635 0.809017
4.64 0.587785
4.645 0.309017
4.65 -2.05856e-14
4.655 -0.309017
4.66 -0.587785
4.665 -0.809017
4.67 -0.951057
4.675 -1
4.68 -0.951057
4.685 -0.809017
4.69 -0.587785
4.695 -0.309017
4.7 9.80498e-15
4.705 0.309017
4.71 0.587785
4.715 0.809017
4.72 0.951057
4.725 1
4.73 0.951057
4.735 0.809017
4.74 0.587785
4.745 0.309017
4.75 9.75619e-16
4.755 -0.309017
4.76 -0.587785
4.765 -0.809017
4.77 -0.951057
4.775 -1
4.78 -0.951057
4.785 -0.809017
4.79 -0.587785
4.795 -0.309017
4.8 -1.17562e-14
4.805 0.309017
4.81 0.587785
4.815 0.809017
4.82 0.951057
4.825 1
4.83 0.951057
4.835 0.809017
4.84 0.587785
4.845 0.309017
4.85 2.25368e-14
4.855 -0.309017
4.86 -0.587785
4.865 -0.809017
4.87 -0.951057
4.875 -1
4.88 -0.951057
4.885 -0.809017
4.89 -0.587785
4.895 -0.309017
4.9 2.3526e-14
4.905 0.309017
4.91 0.587785
4.915 0.809017
4.92 0.951057
4.925 1
4.93 0.951057
4.935 0.809017
4.94 0.587785
4.945 0.309017
4.95 -1.27454e-14
4.955 -0.309017
4.96 -0.587785
4.965 -0.809017
4.97 -0.951057
4.975 -1
4.98 -0.951057
4.985 -0.809017
4.99 -0.587785
4.995 -0.309017
5 9.82396e-16
5.005 0.156434
5.01 0.309017
5.015 0.45399
5.02 0.587785
5.025 0.707107
5.03 0.809017
5.035 0.891007
5.04 0.951057
5.045 0.987688
5.05 1
5.055 0.987688
5.06 0.951057
5.065 0.891007
5.07 0.809017
5.075 0.707107
5.08 0.587785
5.085 0.45399
5.09 0.309017
5.095 0.156434
5.1 9.79821e-15
5.105 -0.156434
5.11 -0.309017
5.115 -0.45399
5.12 -0.587785
5.125 -0.707107
5.13 -0.809017
5.135 -0.891007
5.14 -0.951057
5.145 -0.987688
5.15 -1
5.155 -0.987688
5.16 -0.951057
5.165 -0.891007
5.17 -0.809017
5.175 -0.707107
5.18 -0.587785
5.185 -0.45399
5.19 -0.309017
5.195 -0.156434
5.2 7.8429e-15
5.205 0.156434
5.21 0.309017
5.215 0.45399
5.22 0.587785
5.225 0.707107
5.23 0.809017
5.235 0.891007
5.24 0.951057
5.245 0.987688
5.25 1
5.255 0.987688
5.26 0.951057
5.265 0.891007
5.27 0.809017
5.275 0.707107
5.28 0.587785
5.285 0.45399
5.29 0.309017
5.295 0.156434
5.3 2.9377e-15
5.305 -0.156434
5.31 -0.309017
5.315 -0.45399
5.32 -0.587785
5.325 -0.707107
5.33 -0.809017
5.335 -0.891007
5.34 -0.951057
5.345 -0.987688
5.35 -1
5.355 -0.987688
5.36 -0.951057
5.365 -0.891007
5.37 -0.809017
5.375 -0.707107
5.38 -0.587785
5.385 -0.45399
5.39 -0.309017
5.395 -0.156434
5.4 1.47034e-14
5.405 0.156434
5.41 0.309017
5.415 0.45399
5.42 0.587785
5.425 0.707107
5.43 0.809017
5.435 0.891007
5.44 0.951057
5.445 0.987688
5.45 1
5.455 0.987688
5.46 0.951057
5.465 0.891007
5.47 0.809017
5.475 0.707107
5.48 0.587785
5.485 0.45399
5.49 0.309017
5.495 0.156434
5.5 -3.92281e-15
5.505 -0.156434
5.51 -0.309017
5.515 -0.45399
5.52 -0.587785
5.525 -0.707107
5.53 -0.809017
5.535 -0.891007
5.54 -0.951057
5.545 -0.987688
5.55 -1
5.555 -0.987688
5.56 -0.951057
5.565 -0.891007
5.57 -0.809017
5.575 -0.707107
5.58 -0.587785
5.585 -0.45399
5.59 -0.309017
5.595 -0.156434
5.6 -6.8578e-15
5.605 0.156434
5.61 0.309017
5.615 0.45399
5.62 0.587785
5.625 0.707107
5.63 0.809017
5.635 0.891007
5.64 0.951057
5.645 0.987688
5.65 1
5.655 0.987688
5.66 0.951057
5.665 0.891007
5.67 0.809017
5.675 0.707107
5.68 0.587785
5.685 0.45399
5.69 0.309017
5.695 0.156434
5.7 -1.07833e-14
5.705 -0.156434
5.71 -0.309017
5.715 -0.45399
5.72 -0.587785
5.725 -0.707107
5.73 -0.809017
5.735 -0.891007
5.74 -0.951057
5.745 -0.987688
5.75 -1
5.755 -0.987688
5.76 -0.951057
5.765 -0.891007
5.77 -0.809017
5.775 -0.707107
5.78 -0.587785
5.785 -0.45399
5.79 -0.309017
5.795 -0.156434
5.8 2.71051e-18
5.805 0.156434
5.81 0.309017
5.815 0.45399
5.82 0.587785
5.825 0.707107
5.83 0.809017
5.835 0.891007
5.84 0.951057
5.845 0.987688
5.85 1
5.855 0.987688
5.86 0.951057
5.865 0.891007
5.87 0.809017
5.875 0.707107
5.88 0.587785
5.885 0.45399
5.89 0.309017
5.895 0.156434
5.9 -1.76438e-14
5.905 -0.156434
5.91 -0.309017
5.915 -0.45399
5.92 -0.587785
5.925 -0.707107
5.93 -0.809017
5.935 -0.891007
5.94 -0.951057
5.945 -0.987688
5.95 -1
5.955 -0.987688
5.96 -0.951057
5.965 -0.891007
5.97 -0.809017
5.975 -0.707107
5.98 -0.587785
5.985 -0.45399
5.99 -0.309017
5.995 -0.156434
6 -2.15585e-14
6.005 0.156434
6.01 0.309017
6.015 0.45399
6.02 0.587785
6.025 0.707107
6.03 0.809017
6.035 0.891007
6.04 0.951057
6.045 0.987688
6.05 1
6.055 0.987688
6.06 0.951057
6.065 0.891007
6.07 0.809017
6.075 0.707107
6.08 0.587785
6.085 0.45399
6.09 0.309017
6.095 0.156434
6.1 3.23391e-14
6.105 -0.156434
6.11 -0.309017
6.115 -0.45399
6.12 -0.587785
6.125 -0.707107
6.13 -0.809017
6.135 -0.891007
6.14 -0.951057
6.145 -0.987688
6.15 -1
6.155 -0.987688
6.16 -0.951057
6.165 -0.891007
6.17 -0.809017
6.175 -0.707107
6.18 -0.587785
6.185 -0.45399
6.19 -0.309017
6.195 -0.156434
6.2 -1.4698e-14
6.205 0.156434
6.21 0.309017
6.215 0.45399
6.22 0.587785
6.225 0.707107
6.23 0.809017
6.235 0.891007
6.24 0.951057
6.245 0.987688
6.25 1
6.255 0.987688
6.26 0.951057
6.265 0.891007
6.27 0.809017
6.275 0.707107
6.28 0.587785
6.285 0.45399
6.29 0.309017
6.295 0.156434
6.3 2.54786e-14
6.305 -0.156434
6.31 -0.309017
6.315 -0.45399
6.32 -0.587785
6.325 -0.707107
6.33 -0.809017
6.335 -0.891007
6.34 -0.951057
6.345 -0.987688
6.35 -1
6.355 -0.987688
6.36 -0.951057
6.365 -0.891007
6.37 -0.809017
6.375 -0.707107
6.38 -0.587785
6.385 -0.45399
6.39 -0.309017
6.395 -0.156434
6.4 -7.83748e-15
6.405 0.156434
6.41 0.309017
6.415 0.45399
6.42 0.587785
6.425 0.707107
6.43 0.809017
6.435 0.891007
6.44 0.951057
6.445 0.987688
6.45 1
6.455 0.987688
6.46 0.951057
6.465 0.891007
6.47 0.809017
6.475 0.707107
6.48 0.587785
6.485 0.45399
6.49 0.309017
6.495 0.156434
6.5 1.86181e-14
6.505 -0.156434
6.51 -0.309017
6.515 -0.45399
6.52 -0.587785
6.525 -0.707107
6.53 -0.809017
6.535 -0.891007
6.54 -0.951057
6.545 -0.987688
6.55 -1
6.555 -0.987688
6.56 -0.951057
6.565 -0.891007
6.57 -0.809017
6.575 -0.707107
6.58 -0.587785
6.585 -0.45399
6.59 -0.309017
6.595 -0.156434
6.6 -2.93987e-14
6.605 0.156434
6.61 0.309017
6.615 0.45399
6.62 0.587785
6.625 0.707107
6.63 0.809017
6.635 0.891007
6.64 0.951057
6.645 0.987688
6.65 1
6.655 0.987688
6.66 0.951057
6.665 0.891007
6.67 0.809017
6.675 0.707107
6.68 0.587785
6.685 0.45399
6.69 0.309017
6.695 0.156434
6.7 1.17576e-14
6.705 -0.156434
6.71 -0.309017
6.715 -0.45399
6.72 -0.587785
6.725 -0.707107
6.73 -0.809017
6.735 -0.891007
6.74 -0.951057
6.745 -0.987688
6.75 -1
6.755 -0.987688
6.76 -0.951057
6.765 -0.891007
6.77 -0.809017
6.775 -0.707107
6.78 -0.587785
6.785 -0.45399
6.79 -0.309017
6.795 -0.156434
6.8 -2.25382e-14
6.805 0.156434
6.81 0.309017
6.815 0.45399
6.82 0.587785
6.825 0.707107
6.83 0.809017
6.835 0.891007
6.84 0.951057
6.845 0.987688
6.85 1
6.855 0.987688
6.86 0.951057
6.865 0.891007
6.87 0.809017
6.875 0.707107
6.88 0.587785
6.885 0.45399
6.89 0.309017
6.895 0.156434
6.9 4.89707e-15
6.905 -0.156434
6.91 -0.309017
6.915 -0.45399
6.92 -0.587785
6.925 -0.707107
6.93 -0.809017
6.935 -0.891007
6.94 -0.951057
6.945 -0.987688
6.95 -1
6.955 -0.987688
6.96 -0.951057
6.965 -0.891007
6.97 -0.809017
6.975 -0.707107
6.98 -0.587785
6.985 -0.45399
6.99 -0.309017
6.995 -0.156434
7 -1.56777e-14
7.005 0.156434
7.01 0.309017
7.015 0.45399
7.02 0.587785
7.025 0.707107
7.03 0.809017
7.035 0.891007
7.04 0.951057
7.045 0.987688
7.05 1
7.055 0.987688
7.06 0.951057
7.065 0.891007
7.07 0.809017
7.075 0.707107
7.08 0.587785
7.085 0.45399
7.09 0.309017
7.095 0.156434
7.1 2.64583e-14
7.105 -0.156434
7.11 -0.309017
7.115 -0.45399
7.12 -0.587785
7.125 -0.707107
7.13 -0.809017
7.135 -0.891007
7.14 -0.951057
7.145 -0.987688
7.15 -1
7.155 -0.987688
7.16 -0.951057
7.165 -0.891007
7.17 -0.809017
7.175 -0.707107
7.18 -0.587785
7.185 -0.45399
7.19 -0.309017
7.195 -0.156434
7.2 -8.81717e-15
7.205 0.156434
7.21 0.309017
7.215 0.45399
7.22 0.587785
7.225 0.707107
7.23 0.809017
7.235 0.891007
7.24 0.951057
7.245 0.987688
7.25 1
7.255 0.987688
7.26 0.951057
7.265 0.891007
7.27 0.809017
7.275 0.707107
7.28 0.587785
7.285 0.45399
7.29 0.309017
7.295 0.156434
7.3 1.95978e-14
7.305 -0.156434
7.31 -0.309017
7.315 -0.45399
7.32 -0.587785
7.325 -0.707107
7.33 -0.809017
7.335 -0.891007
7.34 -0.951057
7.345 -0.987688
7.35 -1
7.355 -0.987688
7.36 -0.951057
7.365 -0.891007
7.37 -0.809017
7.375 -0.707107
7.38 -0.587785
7.385 -0.45399
7.39 -0.309017
7.395 -0.156434
7.4 -1.95666e-15
7.405 0.156434
7.41 0.309017
7.415 0.45399
7.42 0.587785
7.425 0.707107
7.43 0.809017
7.435 0.891007
7.44 0.951057
7.445 0.987688
7.45 1
7.455 0.987688
7.46 0.951057
7.465 0.891007
7.47 0.809017
7.475 0.707107
7.48 0.587785
7.485 0.45399
7.49 0.309017
7.495 0.156434
7.5 1.27373e-14
7.505 -0.156434
7.51 -0.309017
7.515 -0.45399
7.52 -0.587785
7.525 -0.707107
7.53 -0.809017
7.535 -0.891007
7.54 -0.951057
7.545 -0.987688
7.55 -1
7.555 -0.987688
7.56 -0.951057
7.565 -0.891007
7.57 -0.809017
7.575 -0.707107
7.58 -0.587785
7.585 -0.45399
7.59 -0.309017
7.595 -0.156434
7.6 -2.35179e-14
7.605 0.156434
7.61 0.309017
7.615 0.45399
7.62 0.587785
7.625 0.707107
7.63 0.809017
7.635 0.891007
7.64 0.951057
7.645 0.987688
7.65 1
7.655 0.987688
7.66 0.951057
7.665 0.891007
7.67 0.809017
7.675 0.707107
7.68 0.587785
7.685 0.45399
7.69 0.309017
7.695 0.156434
7.7 5.87676e-15
7.705 -0.156434
7.71 -0.309017
7.715 -0.45399
7.72 -0.587785
7.725 -0.707107
7.73 -0.809017
7.735 -0.891007
7.74 -0.951057
7.745 -0.987688
7.75 -1
7.755 -0.987688
7.76 -0.951057
7.765 -0.891007
7.77 -0.809017
7.775 -0.707107
7.78 -0.587785
7.785 -0.45399
7.79 -0.309017
7.795 -0.156434
7.8 -1.66574e-14
7.805 0.156434
7.81 0.309017
7.815 0.45399
7.82 0.587785
7.825 0.707107
7.83 0.809017
7.835 0.891007
7.84 0.951057
7.845 0.987688
7.85 1
7.855 0.987688
7.86 0.951057
7.865 0.891007
7.87 0.809017
7.875 0.707107
7.88 0.587785
7.885 0.45399
7.89 0.309017
7.895 0.156434
7.9 -9.83751e-16
7.905 -0.156434
7.91 -0.309017
7.915 -0.45399
7.92 -0.587785
7.925 -0.707107
7.93 -0.809017
7.935 -0.891007
7.94 -0.951057
7.945 -0.987688
7.95 -1
7.955 -0.987688
7.96 -0.951057
7.965 -0.891007
7.97 -0.809017
7.975 -0.707107
7.98 -0.587785
7.985 -0.45399
7.99 -0.309017
7.995 -0.156434
8 -9.79685e-15
8.005 0.156434
8.01 0.309017
8.015 0.45399
8.02 0.587785
8.025 0.707107
8.03 0.809017
8.035 0.891007
8.04 0.951057
8.045 0.987688
8.05 1
8.055 0.987688
8.06 0.951057
8.065 0.891007
8.07 0.809017
8.075 0.707107
8.08 0.587785
8.085 0.45399
8.09 0.309017
8.095 0.156434
8.1 2.05775e-14
8.105 -0.156434
8.11 -0.309017
8.115 -0.45399
8.12 -0.587785
8.125 -0.707107
8.13 -0.809017
8.135 -0.891007
8.14 -0.951057
8.145 -0.987688
8.15 -1
8.155 -0.987688
8.16 -0.951057
8.165 -0.891007
8.17 -0.809017
8.175 -0.707107
8.18 -0.587785
8.185 -0.45399
8.19 -0.309017
8.195 -0.156434
8.2 -3.13581e-14
8.205 0.156434
8.21 0.309017
8.215 0.45399
8.22 0.587785
8.225 0.707107
8.23 0.809017
8.235 0.891007
8.24 0.951057
8.245 0.987688
8.25 1
8.255 0.987688
8.26 0.951057
8.265 0.891007
8.27 0.809017
8.275 0.707107
8.28 0.587785
8.285 0.45399
8.29 0.309017
8.295 0.156434
8.3 -1.47048e-14
8.305 -0.156434
8.31 -0.309017
8.315 -0.45399
8.32 -0.587785
8.325 -0.707107
8.33 -0.809017
8.335 -0.891007
8.34 -0.951057
8.345 -0.987688
8.35 -1
8.355 -0.987688
8.36 -0.951057
8.365 -0.891007
8.37 -0.809017
8.375 -0.707107
8.38 -0.587785
8.385 -0.45399
8.39 -0.309017
8.395 -0.156434
8.4 3.92416e-15
8.405 0.156434
8.41 0.309017
8.415 0.45399
8.42 0.587785
8.425 0.707107
8.43 0.809017
8.435 0.891007
8.44 0.951057
8.445 0.987688
8.45 1
8.455 0.987688
8.46 0.951057
8.465 0.891007
8.47 0.809017
8.475 0.707107
8.48 0.587785
8.485 0.45399
8.49 0.309017
8.495 0.156434
8.5 6.85644e-15
8.505 -0.156434
8.51 -0.309017
8.515 -0.45399
8.52 -0.587785
8.525 -0.707107
8.53 -0.809017
8.535 -0.891007
8.54 -0.951057
8.545 -0.987688
8.55 -1
8.555 -0.987688
8.56 -0.951057
8.565 -0.891007
8.57 -0.809017
8.575 -0.707107
8.58 -0.587785
8.585 -0.45399
8.59 -0.309017
8.595 -0.156434
8.6 -1.7637e-14
8.605 0.156434
8.61 0.309017
8.615 0.45399
8.62 0.587785
8.625 0.707107
8.63 0.809017
8.635 0.891007
8.64 0.951057
8.645 0.987688
8.65 1
8.655 0.987688
8.66 0.951057
8.665 0.891007
8.67 0.809017
8.675 0.707107
8.68 0.587785
8.685 0.45399
8.69 0.309017
8.695 0.156434
8.7 2.84176e-14
8.705 -0.156434
8.71 -0.309017
8.715 -0.45399
8.72 -0.587785
8.725 -0.707107
8.73 -0.809017
8.735 -0.891007
8.74 -0.951057
8.745 -0.987688
8.75 -1
8.755 -0.987688
8.76 -0.951057
8.765 -0.891007
8.77 -0.809017
8.775 -0.707107
8.78 -0.587785
8.785 -0.45399
8.79 -0.309017
8.795 -0.156434
8.8 1.76452e-14
8.805 0.156434
8.81 0.309017
8.815 0.45399
8.82 0.587785
8.825 0.707107
8.83 0.809017
8.835 0.891007
8.84 0.951057
8.845 0.987688
8.85 1
8.855 0.987688
8.86 0.951057
8.865 0.891007
8.87 0.809017
8.875 0.707107
8.88 0.587785
8.885 0.45399
8.89 0.309017
8.895 0.156434
8.9 -6.86457e-15
8.905 -0.156434
8.91 -0.309017
8.915 -0.45399
8.92 -0.587785
8.925 -0.707107
8.93 -0.809017
8.935 -0.891007
8.94 -0.951057
8.945 -0.987688
8.95 -1
8.955 -0.987688
8.96 -0.951057
8.965 -0.891007
8.97 -0.809017
8.975 -0.707107
8.98 -0.587785
8.985 -0.45399
8.99 -0.309017
8.995 -0.156434
9 -7.83206e-15
9.005 0.309017
9.01 0.587785
9.015 0.809017
9.02 0.951057
9.025 1
9.03 0.951057
9.035 0.809017
9.04 0.587785
9.045 0.309017
9.05 1.86127e-14
9.055 -0.309017
9.06 -0.587785
9.065 -0.809017
9.07 -0.951057
9.075 -1
9.08 -0.951057
9.085 -0.809017
9.09 -0.587785
9.095 -0.309017
9.1 -2.93933e-14
9.105 0.309017
9.11 0.587785
9.115 0.809017
9.12 0.951057
9.125 1
9.13 0.951057
9.135 0.809017
9.14 0.587785
9.145 0.309017
9.15 4.01739e-14
9.155 -0.309017
9.16 -0.587785
9.165 -0.809017
9.17 -0.951057
9.175 -1
9.18 -0.951057
9.185 -0.809017
9.19 -0.587785
9.195 -0.309017
9.2 -5.09545e-14
9.205 0.309017
9.21 0.587785
9.215 0.809017
9.22 0.951057
9.225 1
9.23 0.951057
9.235 0.809017
9.24 0.587785
9.245 0.309017
9.25 6.17351e-14
9.255 -0.309017
9.26 -0.587785
9.265 -0.809017
9.27 -0.951057
9.275 -1
9.28 -0.951057
9.285 -0.809017
9.29 -0.587785
9.295 -0.309017
9.3 4.11712e-14
9.305 0.309017
9.31 0.587785
9.315 0.809017
9.32 0.951057
9.325 1
9.33 0.951057
9.335 0.809017
9.34 0.587785
9.345 0.309017
9.35 8.32963e-14
9.355 -0.309017
9.36 -0.587785
9.365 -0.809017
9.37 -0.951057
9.375 -1
9.38 -0.951057
9.385 -0.809017
9.39 -0.587785
9.395 -0.309017
9.4 1.961e-14
9.405 0.309017
9.41 0.587785
9.415 0.809017
9.42 0.951057
9.425 1
9.43 0.951057
9.435 0.809017
9.44 0.587785
9.445 0.309017
9.45 1.04857e-13
9.455 -0.309017
9.46 -0.587785
9.465 -0.809017
9.47 -0.951057
9.475 -1
9.48 -0.951057
9.485 -0.809017
9.49 -0.587785
9.495 -0.309017
9.5 -1.95124e-15
9.505 0.309017
9.51 0.587785
9.515 0.809017
9.52 0.951057
9.525 1
9.53 0.951057
9.535 0.809017
9.54 0.587785
9.545 0.309017
9.55 1.27318e-14
9.555 -0.309017
9.56 -0.587785
9.565 -0.809017
9.57 -0.951057
9.575 -1
9.58 -0.951057
9.585 -0.809017
9.59 -0.587785
9.595 -0.309017
9.6 -2.35124e-14
9.605 0.309017
9.61 0.587785
9.615 0.809017
9.62 0.951057
9.625 1
9.63 0.951057
9.635 0.809017
9.64 0.587785
9.645 0.309017
9.65 3.4293e-14
9.655 -0.309017
9.66 -0.587785
9.665 -0.809017
9.67 -0.951057
9.675 -1
9.68 -0.951057
9.685 -0.809017
9.69 -0.587785
9.695 -0.309017
9.7 -4.50736e-14
9.705 0.309017
9.71 0.587785
9.715 0.809017
9.72 0.951057
9.725 1
9.73 0.951057
9.735 0.809017
9.74 0.587785
9.745 0.309017
9.75 5.58542e-14
9.755 -0.309017
9.76 -0.587785
9.765 -0.809017
9.77 -0.951057
9.775 -1
9.78 -0.951057
9.785 -0.809017
9.79 -0.587785
9.795 -0.309017
9.8 4.7052e-14
9.805 0.309017
9.81 0.587785
9.815 0.809017
9.82 0.951057
9.825 1
9.83 0.951057
9.835 0.809017
9.84 0.587785
9.845 0.309017
9.85 7.74155e-14
9.855 -0.309017
9.86 -0.587785
9.865 -0.809017
9.87 -0.951057
9.875 -1
9.88 -0.951057
9.885 -0.809017
9.89 -0.587785
9.895 -0.309017
9.9 2.54908e-14
9.905 0.309017
9.91 0.587785
9.915 0.809017
9.92 0.951057
9.925 1
9.93 0.951057
9.935 0.809017
9.94 0.587785
9.945 0.309017
9.95 9.89767e-14
9.955 -0.309017
9.96 -0.587785
9.965 -0.809017
9.97 -0.951057
9.975 -1
9.98 -0.951057
9.985 -0.809017
9.99 -0.587785
9.995 -0.309017
10 3.92958e-15
10.005 0.309017
10.01 0.587785
10.015 0.809017
10.02 0.951057
10.025 1
10.03 0.951057
10.035 0.809017
10.04 0.587785
10.045 0.309017
10.05 6.85102e-15
10.055 -0.309017
10.06 -0.587785
10.065 -0.809017
10.07 -0.951057
10.075 -1
10.08 -0.951057
10.085 -0.809017
10.09 -0.587785
10.095 -0.309017
10.1 -1.76316e-14
10.105 0.309017
10.11 0.587785
10.115 0.809017
10.12 0.951057
10.125 1
10.13 0.951057
10.135 0.809017
10.14 0.587785
10.145 0.309017
10.15 2.84122e-14
10.155 -0.309017
10.16 -0.587785
10.165 -0.809017
10.17 -0.951057
10.175 -1
10.18 -0.951057
10.185 -0.809017
10.19 -0.587785
10.195 -0.309017
10.2 -3.91928e-14
10.205 0.309017
10.21 0.587785
10.215 0.809017
10.22 0.951057
10.225 1
10.23 0.951057
10.235 0.809017
10.24 0.587785
10.245 0.309017
10.25 4.99734e-14
10.255 -0.309017
10.26 -0.587785
10.265 -0.809017
10.27 -0.951057
10.275 -1
10.28 -0.951057
10.285 -0.809017
10.29 -0.587785
10.295 -0.309017
10.3 5.29328e-14
10.305 0.309017
10.31 0.587785
10.315 0.809017
10.32 0.951057
10.325 1
10.33 0.951057
10.335 0.809017
10.34 0.587785
10.345 0.309017
10.35 7.15346e-14
10.355 -0.309017
10.36 -0.587785
10.365 -0.809017
10.37 -0.951057
10.375 -1
10.38 -0.951057
10.385 -0.809017
10.39 -0.587785
10.395 -0.309017
10.4 3.13716e-14
10.405 0.309017
10.41 0.587785
10.415 0.809017
10.42 0.951057
10.425 1
10.43 0.951057
10.435 0.809017
10.44 0.587785
10.445 0.309017
10.45 9.30958e-14
10.455 -0.309017
10.46 -0.587785
10.465 -0.809017
10.47 -0.951057
10.475 -1
10.48 -0.951057
10.485 -0.809017
10.49 -0.587785
10.495 -0.309017
10.5 9.8104e-15
10.505 0.309017
10.51 0.587785
10.515 0.809017
10.52 0.951057
10.525 1
10.53 0.951057
10.535 0.809017
10.54 0.587785
10.545 0.309017
10.55 9.70198e-16
10.555 -0.309017
10.56 -0.587785
10.565 -0.809017
10.57 -0.951057
10.575 -1
10.58 -0.951057
10.585 -0.809017
10.59 -0.587785
10.595 -0.309017
10.6 -1.17508e-14
10.605 0.309017
10.61 0.587785
10.615 0.809017
10.62 0.951057
10.625 1
10.63 0.951057
10.635 0.809017
10.64 0.587785
10.645 0.309017
10.65 2.25314e-14
10.655 -0.309017
10.66 -0.587785
10.665 -0.809017
10.67 -0.951057
10.675 -1
10.68 -0.951057
10.685 -0.809017
10.69 -0.587785
10.695 -0.309017
10.7 -3.3312e-14
10.705 0.309017
10.71 0.587785
10.715 0.809017
10.72 0.951057
10.725 1
10.73 0.951057
10.735 0.809017
10.74 0.587785
10.745 0.309017
10.75 4.40926e-14
10.755 -0.309017
10.76 -0.587785
10.765 -0.809017
10.77 -0.951057
10.775 -1
10.78 -0.951057
10.785 -0.809017
10.79 -0.587785
10.795 -0.309017
10.8 5.88136e-14
10.805 0.309017
10.81 0.587785
10.815 0.809017
10.82 0.951057
10.825 1
10.83 0.951057
10.835 0.809017
10.84 0.587785
10.845 0.309017
10.85 6.56538e-14
10.855 -0.309017
10.86 -0.587785
10.865 -0.809017
10.87 -0.951057
10.875 -1
10.88 -0.951057
10.885 -0.809017
10.89 -0.587785
10.895 -0.309017
10.9 3.72524e-14
10.905 0.309017
10.91 0.587785
10.915 0.809017
10.92 0.951057
10.925 1
10.93 0.951057
10.935 0.809017
10.94 0.587785
10.945 0.309017
10.95 8.7215e-14
10.955 -0.309017
10.96 -0.587785
10.965 -0.809017
10.97 -0.951057
10.975 -1
10.98 -0.951057
10.985 -0.809017
10.99 -0.587785
10.995 -0.309017
11 7.84561e-15
11.005 0.156434
11.01 0.309017
11.015 0.45399
11.02 0.587785
11.025 0.707107
11.03 0.809017
11.035 0.891007
11.04 0.951057
11.045 0.987688
11.05 1
11.055 0.987688
11.06 0.951057
11.065 0.891007
11.07 0.809017
11.075 0.707107
11.08 0.587785
11.085 0.45399
11.09 0.309017
11.095 0.156434
11.1 2.93499e-15
11.105 -0.156434
11.11 -0.309017
11.115 -0.45399
11.12 -0.587785
11.125 -0.707107
11.13 -0.809017
11.135 -0.891007
11.14 -0.951057
11.145 -0.987688
11.15 -1
11.155 -0.987688
11.16 -0.951057
11.165 -0.891007
11.17 -0.809017
11.175 -0.707107
11.18 -0.587785
11.185 -0.45399
11.19 -0.309017
11.195 -0.156434
11.2 -1.37156e-14
11.205 0.156434
11.21 0.309017
11.215 0.45399
11.22 0.587785
11.225 0.707107
11.23 0.809017
11.235 0.891007
11.24 0.951057
11.245 0.987688
11.25 1
11.255 0.987688
11.26 0.951057
11.265 0.891007
11.27 0.809017
11.275 0.707107
11.28 0.587785
11.285 0.45399
11.29 0.309017
11.295 0.156434
11.3 -3.23472e-14
11.305 -0.156434
11.31 -0.309017
11.315 -0.45399
11.32 -0.587785
11.325 -0.707107
11.33 -0.809017
11.335 -0.891007
11.34 -0.951057
11.345 -0.987688
11.35 -1
11.355 -0.987688
11.36 -0.951057
11.365 -0.891007
11.37 -0.809017
11.375 -0.707107
11.38 -0.587785
11.385 -0.45399
11.39 -0.309017
11.395 -0.156434
11.4 2.15666e-14
11.405 0.156434
11.41 0.309017
11.415 0.45399
11.42 0.587785
11.425 0.707107
11.43 0.809017
11.435 0.891007
11.44 0.951057
11.445 0.987688
11.45 1
11.455 0.987688
11.46 0.951057
11.465 0.891007
11.47 0.809017
11.475 0.707107
11.48 0.587785
11.485 0.45399
11.49 0.309017
11.495 0.156434
11.5 -1.0786e-14
11.505 -0.156434
11.51 -0.309017
11.515 -0.45399
11.52 -0.587785
11.525 -0.707107
11.53 -0.809017
11.535 -0.891007
11.54 -0.951057
11.545 -0.987688
11.55 -1
11.555 -0.987688
11.56 -0.951057
11.565 -0.891007
11.57 -0.809017
11.575 -0.707107
11.58 -0.587785
11.585 -0.45399
11.59 -0.309017
11.595 -0.156434
11.6 5.42101e-18
11.605 0.156434
11.61 0.309017
11.615 0.45399
11.62 0.587785
11.625 0.707107
11.63 0.809017
11.635 0.891007
11.64 0.951057
11.645 0.987688
11.65 1
11.655 0.987688
11.66 0.951057
11.665 0.891007
11.67 0.809017
11.675 0.707107
11.68 0.587785
11.685 0.45399
11.69 0.309017
11.695 0.156434
11.7 1.07752e-14
11.705 -0.156434
11.71 -0.309017
11.715 -0.45399
11.72 -0.587785
11.725 -0.707107
11.73 -0.809017
11.735 -0.891007
11.74 -0.951057
11.745 -0.987688
11.75 -1
11.755 -0.987688
11.76 -0.951057
11.765 -0.891007
11.77 -0.809017
11.775 -0.707107
11.78 -0.587785
11.785 -0.45399
11.79 -0.309017
11.795 -0.156434
11.8 3.52876e-14
11.805 0.156434
11.81 0.309017
11.815 0.45399
11.82 0.587785
11.825 0.707107
11.83 0.809017
11.835 0.891007
11.84 0.951057
11.845 0.987688
11.85 1
11.855 0.987688
11.86 0.951057
11.865 0.891007
11.87 0.809017
11.875 0.707107
11.88 0.587785
11.885 0.45399
11.89 0.309017
11.895 0.156434
11.9 -2.4507e-14
11.905 -0.156434
11.91 -0.309017
11.915 -0.45399
11.92 -0.587785
11.925 -0.707107
11.93 -0.809017
11.935 -0.891007
11.94 -0.951057
11.945 -0.987688
11.95 -1
11.955 -0.987688
11.96 -0.951057
11.965 -0.891007
11.97 -0.809017
11.975 -0.707107
11.98 -0.587785
11.985 -0.45399
11.99 -0.309017
11.995 -0.156434
12 -4.3117e-14
12.005 0.156434
12.01 0.309017
12.015 0.45399
12.02 0.587785
12.025 0.707107
12.03 0.809017
12.035 0.891007
12.04 0.951057
12.045 0.987688
12.05 1
12.055 0.987688
12.06 0.951057
12.065 0.891007
12.07 0.809017
12.075 0.707107
12.08 0.587785
12.085 0.45399
12.09 0.309017
12.095 0.156434
12.1 5.38976e-14
12.105 -0.156434
12.11 -0.309017
12.115 -0.45399
12.12 -0.587785
12.125 -0.707107
12.13 -0.809017
12.135 -0.891007
12.14 -0.951057
12.145 -0.987688
12.15 -1
12.155 -0.987688
12.16 -0.951057
12.165 -0.891007
12.17 -0.809017
12.175 -0.707107
12.18 -0.587785
12.185 -0.45399
12.19 -0.309017
12.195 -0.156434
12.2 -6.46782e-14
12.205 0.156434
12.21 0.309017
12.215 0.45399
12.22 0.587785
12.225 0.707107
12.23 0.809017
12.235 0.891007
12.24 0.951057
12.245 0.987688
12.25 1
12.255 0.987688
12.26 0.951057
12.265 0.891007
12.27 0.809017
12.275 0.707107
12.28 0.587785
12.285 0.45399
12.29 0.309017
12.295 0.156434
12.3 1.86154e-14
12.305 -0.156434
12.31 -0.309017
12.315 -0.45399
12.32 -0.587785
12.325 -0.707107
12.33 -0.809017
12.335 -0.891007
12.34 -0.951057
12.345 -0.987688
12.35 -1
12.355 -0.987688
12.36 -0.951057
12.365 -0.891007
12.37 -0.809017
12.375 -0.707107
12.38 -0.587785
12.385 -0.45399
12.39 -0.309017
12.395 -0.156434
12.4 -2.9396e-14
12.405 0.156434
12.41 0.309017
12.415 0.45399
12.42 0.587785
12.425 0.707107
12.43 0.809017
12.435 0.891007
12.44 0.951057
12.445 0.987688
12.45 1
12.455 0.987688
12.46 0.951057
12.465 0.891007
12.47 0.809017
12.475 0.707107
12.48 0.587785
12.485 0.45399
12.49 0.309017
12.495 0.156434
12.5 4.01766e-14
12.505 -0.156434
12.51 -0.309017
12.515 -0.45399
12.52 -0.587785
12.525 -0.707107
12.53 -0.809017
12.535 -0.891007
12.54 -0.951057
12.545 -0.987688
12.55 -1
12.555 -0.987688
12.56 -0.951057
12.565 -0.891007
12.57 -0.809017
12.575 -0.707107
12.58 -0.587785
12.585 -0.45399
12.59 -0.309017
12.595 -0.156434
12.6 -5.09572e-14
12.605 0.156434
12.61 0.309017
12.615 0.45399
12.62 0.587785
12.625 0.707107
12.63 0.809017
12.635 0.891007
12.64 0.951057
12.645 0.987688
12.65 1
12.655 0.987688
12.66 0.951057
12.665 0.891007
12.67 0.809017
12.675 0.707107
12.68 0.587785
12.685 0.45399
12.69 0.309017
12.695 0.156434
12.7 6.17378e-14
12.705 -0.156434
12.71 -0.309017
12.715 -0.45399
12.72 -0.587785
12.725 -0.707107
12.73 -0.809017
12.735 -0.891007
12.74 -0.951057
12.745 -0.987688
12.75 -1
12.755 -0.987688
12.76 -0.951057
12.765 -0.891007
12.77 -0.809017
12.775 -0.707107
12.78 -0.587785
12.785 -0.45399
12.79 -0.309017
12.795 -0.156434
12.8 -1.5675e-14
12.805 0.156434
12.81 0.309017
12.815 0.45399
12.82 0.587785
12.825 0.707107
12.83 0.809017
12.835 0.891007
12.84 0.951057
12.845 0.987688
12.85 1
12.855 0.987688
12.86 0.951057
12.865 0.891007
12.87 0.809017
12.875 0.707107
12.88 0.587785
12.885 0.45399
12.89 0.309017
12.895 0.156434
12.9 2.64556e-14
12.905 -0.156434
12.91 -0.309017
12.915 -0.45399
12.92 -0.587785
12.925 -0.707107
12.93 -0.809017
12.935 -0.891007
12.94 -0.951057
12.945 -0.987688
12.95 -1
12.955 -0.987688
12.96 -0.951057
12.965 -0.891007
12.97 -0.809017
12.975 -0.707107
12.98 -0.587785
12.985 -0.45399
12.99 -0.309017
12.995 -0.156434
13 -7.44723e-14
13.005 0.309017
13.01 0.587785
13.015 0.809017
13.02 0.951057
13.025 1
13.03 0.951057
13.035 0.809017
13.04 0.587785
13.045 0.309017
13.05 -2.84339e-14
13.055 -0.309017
13.06 -0.587785
13.065 -0.809017
13.07 -0.951057
13.075 -1
13.08 -0.951057
13.085 -0.809017
13.09 -0.587785
13.095 -0.309017
13.1 -9.60335e-14
13.105 0.309017
13.11 0.587785
13.115 0.809017
13.12 0.951057
13.125 1
13.13 0.951057
13.135 0.809017
13.14 0.587785
13.145 0.309017
13.15 -6.8727e-15
13.155 -0.309017
13.16 -0.587785
13.165 -0.809017
13.17 -0.951057
13.175 -1
13.18 -0.951057
13.185 -0.809017
13.19 -0.587785
13.195 -0.309017
13.2 -1.17595e-13
13.205 0.309017
13.21 0.587785
13.215 0.809017
13.22 0.951057
13.225 1
13.23 0.951057
13.235 0.809017
13.24 0.587785
13.245 0.309017
13.25 1.46885e-14
13.255 -0.309017
13.26 -0.587785
13.265 -0.809017
13.27 -0.951057
13.275 -1
13.28 -0.951057
13.285 -0.809017
13.29 -0.587785
13.295 -0.309017
13.3 -2.54691e-14
13.305 0.309017
13.31 0.587785
13.315 0.809017
13.32 0.951057
13.325 1
13.33 0.951057
13.335 0.809017
13.34 0.587785
13.345 0.309017
13.35 3.62497e-14
13.355 -0.309017
13.36 -0.587785
13.365 -0.809017
13.37 -0.951057
13.375 -1
13.38 -0.951057
13.385 -0.809017
13.39 -0.587785
13.395 -0.309017
13.4 -4.70303e-14
13.405 0.309017
13.41 0.587785
13.415 0.809017
13.42 0.951057
13.425 1
13.43 0.951057
13.435 0.809017
13.44 0.587785
13.445 0.309017
13.45 5.78109e-14
13.455 -0.309017
13.46 -0.587785
13.465 -0.809017
13.47 -0.951057
13.475 -1
13.48 -0.951057
13.485 -0.809017
13.49 -0.587785
13.495 -0.309017
13.5 -6.85915e-14
13.505 0.309017
13.51 0.587785
13.515 0.809017
13.52 0.951057
13.525 1
13.53 0.951057
13.535 0.809017
13.54 0.587785
13.545 0.309017
13.55 -3.43147e-14
13.555 -0.309017
13.56 -0.587785
13.565 -0.809017
13.57 -0.951057
13.575 -1
13.58 -0.951057
13.585 -0.809017
13.59 -0.587785
13.595 -0.309017
13.6 -9.01527e-14
13.605 0.309017
13.61 0.587785
13.615 0.809017
13.62 0.951057
13.625 1
13.63 0.951057
13.635 0.809017
13.64 0.587785
13.645 0.309017
13.65 -1.27535e-14
13.655 -0.309017
13.66 -0.587785
13.665 -0.809017
13.67 -0.951057
13.675 -1
13.68 -0.951057
13.685 -0.809017
13.69 -0.587785
13.695 -0.309017
13.7 -1.11714e-13
13.705 0.309017
13.71 0.587785
13.715 0.809017
13.72 0.951057
13.725 1
13.73 0.951057
13.735 0.809017
13.74 0.587785
13.745 0.309017
13.75 8.80768e-15
13.755 -0.309017
13.76 -0.587785
13.765 -0.809017
13.77 -0.951057
13.775 -1
13.78 -0.951057
13.785 -0.809017
13.79 -0.587785
13.795 -0.309017
13.8 -1.95883e-14
13.805 0.309017
13.81 0.587785
13.815 0.809017
13.82 0.951057
13.825 1
13.83 0.951057
13.835 0.809017
13.84 0.587785
13.845 0.309017
13.85 3.03689e-14
13.855 -0.309017
13.86 -0.587785
13.865 -0.809017
13.87 -0.951057
13.875 -1
13.88 -0.951057
13.885 -0.809017
13.89 -0.587785
13.895 -0.309017
13.9 -4.11495e-14
13.905 0.309017
13.91 0.587785
13.915 0.809017
13.92 0.951057
13.925 1
13.93 0.951057
13.935 0.809017
13.94 0.587785
13.945 0.309017
13.95 5.19301e-14
13.955 -0.309017
13.96 -0.587785
13.965 -0.809017
13.97 -0.951057
13.975 -1
13.98 -0.951057
13.985 -0.809017
13.99 -0.587785
13.995 -0.309017
14 -3.13553e-14
14.005 0.156434
14.01 0.309017
14.015 0.45399
14.02 0.587785
14.025 0.707107
14.03 0.809017
14.035 0.891007
14.04 0.951057
14.045 0.987688
14.05 1
14.055 0.987688
14.06 0.951057
14.065 0.891007
14.07 0.809017
14.075 0.707107
14.08 0.587785
14.085 0.45399
14.09 0.309017
14.095 0.156434
14.1 4.21359e-14
14.105 -0.156434
14.11 -0.309017
14.115 -0.45399
14.12 -0.587785
14.125 -0.707107
14.13 -0.809017
14.135 -0.891007
14.14 -0.951057
14.145 -0.987688
14.15 -1
14.155 -0.987688
14.16 -0.951057
14.165 -0.891007
14.17 -0.809017
14.175 -0.707107
14.18 -0.587785
14.185 -0.45399
14.19 -0.309017
14.195 -0.156434
14.2 -5.29165e-14
14.205 0.156434
14.21 0.309017
14.215 0.45399
14.22 0.587785
14.225 0.707107
14.23 0.809017
14.235 0.891007
14.24 0.951057
14.245 0.987688
14.25 1
14.255 0.987688
14.26 0.951057
14.265 0.891007
14.27 0.809017
14.275 0.707107
14.28 0.587785
14.285 0.45399
14.29 0.309017
14.295 0.156434
14.3 6.85373e-15
14.305 -0.156434
14.31 -0.309017
14.315 -0.45399
14.32 -0.587785
14.325 -0.707107
14.33 -0.809017
14.335 -0.891007
14.34 -0.951057
14.345 -0.987688
14.35 -1
14.355 -0.987688
14.36 -0.951057
14.365 -0.891007
14.37 -0.809017
14.375 -0.707107
14.38 -0.587785
14.385 -0.45399
14.39 -0.309017
14.395 -0.156434
14.4 -1.76343e-14
14.405 0.156434
14.41 0.309017
14.415 0.45399
14.42 0.587785
14.425 0.707107
14.43 0.809017
14.435 0.891007
14.44 0.951057
14.445 0.987688
14.45 1
14.455 0.987688
14.46 0.951057
14.465 0.891007
14.47 0.809017
14.475 0.707107
14.48 0.587785
14.485 0.45399
14.49 0.309017
14.495 0.156434
14.5 2.84149e-14
14.505 -0.156434
14.51 -0.309017
14.515 -0.45399
14.52 -0.587785
14.525 -0.707107
14.53 -0.809017
14.535 -0.891007
14.54 -0.951057
14.545 -0.987688
14.55 -1
14.555 -0.987688
14.56 -0.951057
14.565 -0.891007
14.57 -0.809017
14.575 -0.707107
14.58 -0.587785
14.585 -0.45399
14.59 -0.309017
14.595 -0.156434
14.6 -3.91955e-14
14.605 0.156434
14.61 0.309017
14.615 0.45399
14.62 0.587785
14.625 0.707107
14.63 0.809017
14.635 0.891007
14.64 0.951057
14.645 0.987688
14.65 1
14.655 0.987688
14.66 0.951057
14.665 0.891007
14.67 0.809017
14.675 0.707107
14.68 0.587785
14.685 0.45399
14.69 0.309017
14.695 0.156434
14.7 4.99761e-14
14.705 -0.156434
14.71 -0.309017
14.715 -0.45399
14.72 -0.587785
14.725 -0.707107
14.73 -0.809017
14.735 -0.891007
14.74 -0.951057
14.745 -0.987688
14.75 -1
14.755 -0.987688
14.76 -0.951057
14.765 -0.891007
14.77 -0.809017
14.775 -0.707107
14.78 -0.587785
14.785 -0.45399
14.79 -0.309017
14.795 -0.156434
14.8 -3.91332e-15
14.805 0.156434
14.81 0.309017
14.815 0.45399
14.82 0.587785
14.825 0.707107
14.83 0.809017
14.835 0.891007
14.84 0.951057
14.845 0.987688
14.85 1
14.855 0.987688
14.86 0.951057
14.865 0.891007
14.87 0.809017
14.875 0.707107
14.88 0.587785
14.885 0.45399
14.89 0.309017
14.895 0.156434
14.9 1.46939e-14
14.905 -0.156434
14.91 -0.309017
14.915 -0.45399
14.92 -0.587785
14.925 -0.707107
14.93 -0.809017
14.935 -0.891007
14.94 -0.951057
14.945 -0.987688
14.95 -1
14.955 -0.987688
14.96 -0.951057
14.965 -0.891007
14.97 -0.809017
14.975 -0.707107
14.98 -0.587785
14.985 -0.45399
14.99 -0.309017
14.995 -0.156434
15 -5.0949e-14
15.005 0.309017
15.01 0.587785
15.015 0.809017
15.02 0.951057
15.025 1
15.03 0.951057
15.035 0.809017
15.04 0.587785
15.045 0.309017
15.05 -5.19572e-14
15.055 -0.309017
15.06 -0.587785
15.065 -0.809017
15.07 -0.951057
15.075 -1
15.08 -0.951057
15.085 -0.809017
15.09 -0.587785
15.095 -0.309017
15.1 -7.25102e-14
15.105 0.309017
15.11 0.587785
15.115 0.809017
15.12 0.951057
15.125 1
15.13 0.951057
15.135 0.809017
15.14 0.587785
15.145 0.309017
15.15 -3.0396e-14
15.155 -0.309017
15.16 -0.587785
15.165 -0.809017
15.17 -0.951057
15.175 -1
15.18 -0.951057
15.185 -0.809017
15.19 -0.587785
15.195 -0.309017
15.2 -9.40715e-14
15.205 0.309017
15.21 0.587785
15.215 0.809017
15.22 0.951057
15.225 1
15.23 0.951057
15.235 0.809017
15.24 0.587785
15.245 0.309017
15.25 -8.83478e-15
15.255 -0.309017
15.26 -0.587785
15.265 -0.809017
15.27 -0.951057
15.275 -1
15.28 -0.951057
15.285 -0.809017
15.29 -0.587785
15.295 -0.309017
15.3 -1.94582e-15
15.305 0.309017
15.31 0.587785
15.315 0.809017
15.32 0.951057
15.325 1
15.33 0.951057
15.335 0.809017
15.34 0.587785
15.345 0.309017
15.35 1.27264e-14
15.355 -0.309017
15.36 -0.587785
15.365 -0.809017
15.37 -0.951057
15.375 -1
15.38 -0.951057
15.385 -0.809017
15.39 -0.587785
15.395 -0.309017
15.4 -2.3507e-14
15.405 0.309017
15.41 0.587785
15.415 0.809017
15.42 0.951057
15.425 1
15.43 0.951057
15.435 0.809017
15.44 0.587785
15.445 0.309017
15.45 3.42876e-14
15.455 -0.309017
15.46 -0.587785
15.465 -0.809017
15.47 -0.951057
15.475 -1
15.48 -0.951057
15.485 -0.809017
15.49 -0.587785
15.495 -0.309017
15.5 -4.50682e-14
15.505 0.309017
15.51 0.587785
15.515 0.809017
15.52 0.951057
15.525 1
15.53 0.951057
15.535 0.809017
15.54 0.587785
15.545 0.309017
15.55 -5.7838e-14
15.555 -0.309017
15.56 -0.587785
15.565 -0.809017
15.57 -0.951057
15.575 -1
15.58 -0.951057
15.585 -0.809017
15.59 -0.587785
15.595 -0.309017
15.6 -6.66294e-14
15.605 0.309017
15.61 0.587785
15.615 0.809017
15.62 0.951057
15.625 1
15.63 0.951057
15.635 0.809017
15.64 0.587785
15.645 0.309017
15.65 -3.62768e-14
15.655 -0.309017
15.66 -0.587785
15.665 -0.809017
15.67 -0.951057
15.675 -1
15.68 -0.951057
15.685 -0.809017
15.69 -0.587785
15.695 -0.309017
15.7 -8.81906e-14
15.705 0.309017
15.71 0.587785
15.715 0.809017
15.72 0.951057
15.725 1
15.73 0.951057
15.735 0.809017
15.74 0.587785
15.745 0.309017
15.75 -1.47156e-14
15.755 -0.309017
15.76 -0.587785
15.765 -0.809017
15.77 -0.951057
15.775 -1
15.78 -0.951057
15.785 -0.809017
15.79 -0.587785
15.795 -0.309017
15.8 3.935e-15
15.805 0.309017
15.81 0.587785
15.815 0.809017
15.82 0.951057
15.825 1
15.83 0.951057
15.835 0.809017
15.84 0.587785
15.845 0.309017
15.85 6.8456e-15
15.855 -0.309017
15.86 -0.587785
15.865 -0.809017
15.87 -0.951057
15.875 -1
15.88 -0.951057
15.885 -0.809017
15.89 -0.587785
15.895 -0.309017
15.9 -1.76262e-14
15.905 0.309017
15.91 0.587785
15.915 0.809017
15.92 0.951057
15.925 1
15.93 0.951057
15.935 0.809017
15.94 0.587785
15.945 0.309017
15.95 2.84068e-14
15.955 -0.309017
15.96 -0.587785
15.965 -0.809017
15.97 -0.951057
15.975 -1
15.98 -0.951057
15.985 -0.809017
15.99 -0.587785
15.995 -0.309017
16 -1.95937e-14
16.005 0.156434
16.01 0.309017
16.015 0.45399
16.02 0.587785
16.025 0.707107
16.03 0.809017
16.035 0.891007
16.04 0.951057
16.045 0.987688
16.05 1
16.055 0.987688
16.06 0.951057
16.065 0.891007
16.07 0.809017
16.075 0.707107
16.08 0.587785
16.085 0.45399
16.09 0.309017
16.095 0.156434
16.1 -2.64691e-14
16.105 -0.156434
16.11 -0.309017
16.115 -0.45399
16.12 -0.587785
16.125 -0.707107
16.13 -0.809017
16.135 -0.891007
16.14 -0.951057
16.145 -0.987688
16.15 -1
16.155 -0.987688
16.16 -0.951057
16.165 -0.891007
16.17 -0.809017
16.175 -0.707107
16.18 -0.587785
16.185 -0.45399
16.19 -0.309017
16.195 -0.156434
16.2 -4.11549e-14
16.205 0.156434
16.21 0.309017
16.215 0.45399
16.22 0.587785
16.225 0.707107
16.23 0.809017
16.235 0.891007
16.24 0.951057
16.245 0.987688
16.25 1
16.255 0.987688
16.26 0.951057
16.265 0.891007
16.27 0.809017
16.275 0.707107
16.28 0.587785
16.285 0.45399
16.29 0.309017
16.295 0.156434
16.3 5.19355e-14
16.305 -0.156434
16.31 -0.309017
16.315 -0.45399
16.32 -0.587785
16.325 -0.707107
16.33 -0.809017
16.335 -0.891007
16.34 -0.951057
16.345 -0.987688
16.35 -1
16.355 -0.987688
16.36 -0.951057
16.365 -0.891007
16.37 -0.809017
16.375 -0.707107
16.38 -0.587785
16.385 -0.45399
16.39 -0.309017
16.395 -0.156434
16.4 -6.27161e-14
16.405 0.156434
16.41 0.309017
16.415 0.45399
16.42 0.587785
16.425 0.707107
16.43 0.809017
16.435 0.891007
16.44 0.951057
16.445 0.987688
16.45 1
16.455 0.987688
16.46 0.951057
16.465 0.891007
16.47 0.809017
16.475 0.707107
16.48 0.587785
16.485 0.45399
16.49 0.309017
16.495 0.156434
16.5 7.34967e-14
16.505 -0.156434
16.51 -0.309017
16.515 -0.45399
16.52 -0.587785
16.525 -0.707107
16.53 -0.809017
16.535 -0.891007
16.54 -0.951057
16.545 -0.987688
16.55 -1
16.555 -0.987688
16.56 -0.951057
16.565 -0.891007
16.57 -0.809017
16.575 -0.707107
16.58 -0.587785
16.585 -0.45399
16.59 -0.309017
16.595 -0.156434
16.6 2.94095e-14
16.605 0.156434
16.61 0.309017
16.615 0.45399
16.62 0.587785
16.625 0.707107
16.63 0.809017
16.635 0.891007
16.64 0.951057
16.645 0.987688
16.65 1
16.655 0.987688
16.66 0.951057
16.665 0.891007
16.67 0.809017
16.675 0.707107
16.68 0.587785
16.685 0.45399
16.69 0.309017
16.695 0.156434
16.7 9.50579e-14
16.705 -0.156434
16.71 -0.309017
16.715 -0.45399
16.72 -0.587785
16.725 -0.707107
16.73 -0.809017
16.735 -0.891007
16.74 -0.951057
16.745 -0.987688
16.75 -1
16.755 -0.987688
16.76 -0.951057
16.765 -0.891007
16.77 -0.809017
16.775 -0.707107
16.78 -0.587785
16.785 -0.45399
16.79 -0.309017
16.795 -0.156434
16.8 7.84832e-15
16.805 0.156434
16.81 0.309017
16.815 0.45399
16.82 0.587785
16.825 0.707107
16.83 0.809017
16.835 0.891007
16.84 0.951057
16.845 0.987688
16.85 1
16.855 0.987688
16.86 0.951057
16.865 0.891007
16.87 0.809017
16.875 0.707107
16.88 0.587785
16.885 0.45399
16.89 0.309017
16.895 0.156434
16.9 1.16619e-13
16.905 -0.156434
16.91 -0.309017
16.915 -0.45399
16.92 -0.587785
16.925 -0.707107
16.93 -0.809017
16.935 -0.891007
16.94 -0.951057
16.945 -0.987688
16.95 -1
16.955 -0.987688
16.96 -0.951057
16.965 -0.891007
16.97 -0.809017
16.975 -0.707107
16.98 -0.587785
16.985 -0.45399
16.99 -0.309017
16.995 -0.156434
17 -2.74258e-14
17.005 0.309017
17.01 0.587785
17.015 0.809017
17.02 0.951057
17.025 1
17.03 0.951057
17.035 0.809017
17.04 0.587785
17.045 0.309017
17.05 -7.54805e-14
17.055 -0.309017
17.06 -0.587785
17.065 -0.809017
17.07 -0.951057
17.075 -1
17.08 -0.951057
17.085 -0.809017
17.09 -0.587785
17.095 -0.309017
17.1 -4.8987e-14
17.105 0.309017
17.11 0.587785
17.115 0.809017
17.12 0.951057
17.125 1
17.13 0.951057
17.135 0.809017
17.14 0.587785
17.145 0.309017
17.15 1.73454e-13
17.155 -0.309017
17.16 -0.587785
17.165 -0.809017
17.17 -0.951057
17.175 -1
17.18 -0.951057
17.185 -0.809017
17.19 -0.587785
17.195 -0.309017
17.2 -7.05482e-14
17.205 0.309017
17.21 0.587785
17.215 0.809017
17.22 0.951057
17.225 1
17.23 0.951057
17.235 0.809017
17.24 0.587785
17.245 0.309017
17.25 -3.23581e-14
17.255 -0.309017
17.26 -0.587785
17.265 -0.809017
17.27 -0.951057
17.275 -1
17.28 -0.951057
17.285 -0.809017
17.29 -0.587785
17.295 -0.309017
17.3 -9.21094e-14
17.305 0.309017
17.31 0.587785
17.315 0.809017
17.32 0.951057
17.325 1
17.33 0.951057
17.335 0.809017
17.34 0.587785
17.345 0.309017
17.35 -1.07969e-14
17.355 -0.309017
17.36 -0.587785
17.365 -0.809017
17.37 -0.951057
17.375 -1
17.38 -0.951057
17.385 -0.809017
17.39 -0.587785
17.395 -0.309017
17.4 -1.13671e-13
17.405 0.309017
17.41 0.587785
17.415 0.809017
17.42 0.951057
17.425 1
17.43 0.951057
17.435 0.809017
17.44 0.587785
17.445 0.309017
17.45 1.07643e-14
17.455 -0.309017
17.46 -0.587785
17.465 -0.809017
17.47 -0.951057
17.475 -1
17.48 -0.951057
17.485 -0.809017
17.49 -0.587785
17.495 -0.309017
17.5 -1.35232e-13
17.505 0.309017
17.51 0.587785
17.515 0.809017
17.52 0.951057
17.525 1
17.53 0.951057
17.535 0.809017
17.54 0.587785
17.545 0.309017
17.55 3.23255e-14
17.555 -0.309017
17.56 -0.587785
17.565 -0.809017
17.57 -0.951057
17.575 -1
17.58 -0.951057
17.585 -0.809017
17.59 -0.587785
17.595 -0.309017
17.6 7.05807e-14
17.605 0.309017
17.61 0.587785
17.615 0.809017
17.62 0.951057
17.625 1
17.63 0.951057
17.635 0.809017
17.64 0.587785
17.645 0.309017
17.65 5.38867e-14
17.655 -0.309017
17.66 -0.587785
17.665 -0.809017
17.67 -0.951057
17.675 -1
17.68 -0.951057
17.685 -0.809017
17.69 -0.587785
17.695 -0.309017
17.7 -1.78354e-13
17.705 0.309017
17.71 0.587785
17.715 0.809017
17.72 0.951057
17.725 1
17.73 0.951057
17.735 0.809017
17.74 0.587785
17.745 0.309017
17.75 7.54479e-14
17.755 -0.309017
17.76 -0.587785
17.765 -0.809017
17.77 -0.951057
17.775 -1
17.78 -0.951057
17.785 -0.809017
17.79 -0.587785
17.795 -0.309017
17.8 2.74583e-14
17.805 0.309017
17.81 0.587785
17.815 0.809017
17.82 0.951057
17.825 1
17.83 0.951057
17.835 0.809017
17.84 0.587785
17.845 0.309017
17.85 -1.30365e-13
17.855 -0.309017
17.86 -0.587785
17.865 -0.809017
17.87 -0.951057
17.875 -1
17.88 -0.951057
17.885 -0.809017
17.89 -0.587785
17.895 -0.309017
17.9 -2.21477e-13
17.905 0.309017
17.91 0.587785
17.915 0.809017
17.92 0.951057
17.925 1
17.93 0.951057
17.935 0.809017
17.94 0.587785
17.945 0.309017
17.95 1.1857e-13
17.955 -0.309017
17.96 -0.587785
17.965 -0.809017
17.97 -0.951057
17.975 -1
17.98 -0.951057
17.985 -0.809017
17.99 -0.587785
17.995 -0.309017
18 -1.56641e-14
18.005 0.309017
18.01 0.587785
18.015 0.809017
18.02 0.951057
18.025 1
18.03 0.951057
18.035 0.809017
18.04 0.587785
18.045 0.309017
18.05 -8.72421e-14
18.055 -0.309017
18.06 -0.587785
18.065 -0.809017
18.07 -0.951057
18.075 -1
18.08 -0.951057
18.085 -0.809017
18.09 -0.587785
18.095 -0.309017
18.1 -3.72253e-14
18.105 0.309017
18.11 0.587785
18.115 0.809017
18.12 0.951057
18.125 1
18.13 0.951057
18.135 0.809017
18.14 0.587785
18.145 0.309017
18.15 1.61693e-13
18.155 -0.309017
18.16 -0.587785
18.165 -0.809017
18.17 -0.951057
18.175 -1
18.18 -0.951057
18.185 -0.809017
18.19 -0.587785
18.195 -0.309017
18.2 -5.87865e-14
18.205 0.309017
18.21 0.587785
18.215 0.809017
18.22 0.951057
18.225 1
18.23 0.951057
18.235 0.809017
18.24 0.587785
18.245 0.309017
18.25 -4.41197e-14
18.255 -0.309017
18.26 -0.587785
18.265 -0.809017
18.27 -0.951057
18.275 -1
18.28 -0.951057
18.285 -0.809017
18.29 -0.587785
18.295 -0.309017
18.3 -8.03477e-14
18.305 0.309017
18.31 0.587785
18.315 0.809017
18.32 0.951057
18.325 1
18.33 0.951057
18.335 0.809017
18.34 0.587785
18.345 0.309017
18.35 -2.25585e-14
18.355 -0.309017
18.36 -0.587785
18.365 -0.809017
18.37 -0.951057
18.375 -1
18.38 -0.951057
18.385 -0.809017
18.39 -0.587785
18.395 -0.309017
18.4 -1.01909e-13
18.405 0.309017
18.41 0.587785
18.415 0.809017
18.42 0.951057
18.425 1
18.43 0.951057
18.435 0.809017
18.44 0.587785
18.445 0.309017
18.45 -9.97303e-16
18.455 -0.309017
18.46 -0.587785
18.465 -0.809017
18.47 -0.951057
18.475 -1
18.48 -0.951057
18.485 -0.809017
18.49 -0.587785
18.495 -0.309017
18.5 -1.2347e-13
18.505 0.309017
18.51 0.587785
18.515 0.809017
18.52 0.951057
18.525 1
18.53 0.951057
18.535 0.809017
18.54 0.587785
18.545 0.309017
18.55 2.05639e-14
18.555 -0.309017
18.56 -0.587785
18.565 -0.809017
18.57 -0.951057
18.575 -1
18.58 -0.951057
18.585 -0.809017
18.59 -0.587785
18.595 -0.309017
18.6 8.23423e-14
18.605 0.309017
18.61 0.587785
18.615 0.809017
18.62 0.951057
18.625 1
18.63 0.951057
18.635 0.809017
18.64 0.587785
18.645 0.309017
18.65 4.21251e-14
18.655 -0.309017
18.66 -0.587785
18.665 -0.809017
18.67 -0.951057
18.675 -1
18.68 -0.951057
18.685 -0.809017
18.69 -0.587785
18.695 -0.309017
18.7 -1.66593e-13
18.705 0.309017
18.71 0.587785
18.715 0.809017
18.72 0.951057
18.725 1
18.73 0.951057
18.735 0.809017
18.74 0.587785
18.745 0.309017
18.75 6.36863e-14
18.755 -0.309017
18.76 -0.587785
18.765 -0.809017
18.77 -0.951057
18.775 -1
18.78 -0.951057
18.785 -0.809017
18.79 -0.587785
18.795 -0.309017
18.8 3.92199e-14
18.805 0.309017
18.81 0.587785
18.815 0.809017
18.82 0.951057
18.825 1
18.83 0.951057
18.835 0.809017
18.84 0.587785
18.845 0.309017
18.85 -1.42126e-13
18.855 -0.309017
18.86 -0.587785
18.865 -0.809017
18.87 -0.951057
18.875 -1
18.88 -0.951057
18.885 -0.809017
18.89 -0.587785
18.895 -0.309017
18.9 -2.09715e-13
18.905 0.309017
18.91 0.587785
18.915 0.809017
18.92 0.951057
18.925 1
18.93 0.951057
18.935 0.809017
18.94 0.587785
18.945 0.309017
18.95 1.06809e-13
18.955 -0.309017
18.96 -0.587785
18.965 -0.809017
18.97 -0.951057
18.975 -1
18.98 -0.951057
18.985 -0.809017
18.99 -0.587785
18.995 -0.309017
19 -1.95124e-15
19.005 0.156434
19.01 0.309017
19.015 0.45399
19.02 0.587785
19.025 0.707107
19.03 0.809017
19.035 0.891007
19.04 0.951057
19.045 0.987688
19.05 1
19.055 0.987688
19.06 0.951057
19.065 0.891007
19.07 0.809017
19.075 0.707107
19.08 0.587785
19.085 0.45399
19.09 0.309017
19.095 0.156434
19.1 1.27318e-14
19.105 -0.156434
19.11 -0.309017
19.115 -0.45399
19.12 -0.587785
19.125 -0.707107
19.13 -0.809017
19.135 -0.891007
19.14 -0.951057
19.145 -0.987688
19.15 -1
19.155 -0.987688
19.16 -0.951057
19.165 -0.891007
19.17 -0.809017
19.175 -0.707107
19.18 -0.587785
19.185 -0.45399
19.19 -0.309017
19.195 -0.156434
19.2 -2.35124e-14
19.205 0.156434
19.21 0.309017
19.215 0.45399
19.22 0.587785
19.225 0.707107
19.23 0.809017
19.235 0.891007
19.24 0.951057
19.245 0.987688
19.25 1
19.255 0.987688
19.26 0.951057
19.265 0.891007
19.27 0.809017
19.275 0.707107
19.28 0.587785
19.285 0.45399
19.29 0.309017
19.295 0.156434
19.3 3.4293e-14
19.305 -0.156434
19.31 -0.309017
19.315 -0.45399
19.32 -0.587785
19.325 -0.707107
19.33 -0.809017
19.335 -0.891007
19.34 -0.951057
19.345 -0.987688
19.35 -1
19.355 -0.987688
19.36 -0.951057
19.365 -0.891007
19.37 -0.809017
19.375 -0.707107
19.38 -0.587785
19.385 -0.45399
19.39 -0.309017
19.395 -0.156434
19.4 -4.50736e-14
19.405 0.156434
19.41 0.309017
19.415 0.45399
19.42 0.587785
19.425 0.707107
19.43 0.809017
19.435 0.891007
19.44 0.951057
19.445 0.987688
19.45 1
19.455 0.987688
19.46 0.951057
19.465 0.891007
19.47 0.809017
19.475 0.707107
19.48 0.587785
19.485 0.45399
19.49 0.309017
19.495 0.156434
19.5 5.58542e-14
19.505 -0.156434
19.51 -0.309017
19.515 -0.45399
19.52 -0.587785
19.525 -0.707107
19.53 -0.809017
19.535 -0.891007
19.54 -0.951057
19.545 -0.987688
19.55 -1
19.555 -0.987688
19.56 -0.951057
19.565 -0.891007
19.57 -0.809017
19.575 -0.707107
19.58 -0.587785
19.585 -0.45399
19.59 -0.309017
19.595 -0.156434
19.6 4.7052e-14
19.605 0.156434
19.61 0.309017
19.615 0.45399
19.62 0.587785
19.625 0.707107
19.63 0.809017
19.635 0.891007
19.64 0.951057
19.645 0.987688
19.65 1
19.655 0.987688
19.66 0.951057
19.665 0.891007
19.67 0.809017
19.675 0.707107
19.68 0.587785
19.685 0.45399
19.69 0.309017
19.695 0.156434
19.7 7.74155e-14
19.705 -0.156434
19.71 -0.309017
19.715 -0.45399
19.72 -0.587785
19.725 -0.707107
19.73 -0.809017
19.735 -0.891007
19.74 -0.951057
19.745 -0.987688
19.75 -1
19.755 -0.987688
19.76 -0.951057
19.765 -0.891007
19.77 -0.809017
19.775 -0.707107
19.78 -0.587785
19.785 -0.45399
19.79 -0.309017
19.795 -0.156434
19.8 2.54908e-14
19.805 0.156434
19.81 0.309017
19.815 0.45399
19.82 0.587785
19.825 0.707107
19.83 0.809017
19.835 0.891007
19.84 0.951057
19.845 0.987688
19.85 1
19.855 0.987688
19.86 0.951057
19.865 0.891007
19.87 0.809017
19.875 0.707107
19.88 0.587785
19.885 0.45399
19.89 0.309017
19.895 0.156434
19.9 9.89767e-14
19.905 -0.156434
19.91 -0.309017
19.915 -0.45399
19.92 -0.587785
19.925 -0.707107
19.93 -0.809017
19.935 -0.891007
19.94 -0.951057
19.945 -0.987688
19.95 -1
19.955 -0.987688
19.96 -0.951057
19.965 -0.891007
19.97 -0.809017
19.975 -0.707107
19.98 -0.587785
19.985 -0.45399
19.99 -0.309017
19.995 -0.156434
20 7.85916e-15
20.005 0.309017
20.01 0.587785
20.015 0.809017
20.02 0.951057
20.025 1
20.03 0.951057
20.035 0.809017
20.04 0.587785
20.045 0.309017
20.05 1.16608e-13
20.055 -0.309017
20.06 -0.587785
20.065 -0.809017
20.07 -0.951057
20.075 -1
20.08 -0.951057
20.085 -0.809017
20.09 -0.587785
20.095 -0.309017
20.1 -1.3702e-14
20.105 0.309017
20.11 0.587785
20.115 0.809017
20.12 0.951057
20.125 1
20.13 0.951057
20.135 0.809017
20.14 0.587785
20.145 0.309017
20.15 1.38169e-13
20.155 -0.309017
20.16 -0.587785
20.165 -0.809017
20.17 -0.951057
20.175 -1
20.18 -0.951057
20.185 -0.809017
20.19 -0.587785
20.195 -0.309017
20.2 -3.52632e-14
20.205 0.309017
20.21 0.587785
20.215 0.809017
20.22 0.951057
20.225 1
20.23 0.951057
20.235 0.809017
20.24 0.587785
20.245 0.309017
20.25 1.59731e-13
20.255 -0.309017
20.26 -0.587785
20.265 -0.809017
20.27 -0.951057
20.275 -1
20.28 -0.951057
20.285 -0.809017
20.29 -0.587785
20.295 -0.309017
20.3 -5.68244e-14
20.305 0.309017
20.31 0.587785
20.315 0.809017
20.32 0.951057
20.325 1
20.33 0.951057
20.335 0.809017
20.34 0.587785
20.345 0.309017
20.35 -4.60818e-14
20.355 -0.309017
20.36 -0.587785
20.365 -0.809017
20.37 -0.951057
20.375 -1
20.38 -0.951057
20.385 -0.809017
20.39 -0.587785
20.395 -0.309017
20.4 -7.83856e-14
20.405 0.309017
20.41 0.587785
20.415 0.809017
20.42 0.951057
20.425 1
20.43 0.951057
20.435 0.809017
20.44 0.587785
20.445 0.309017
20.45 2.02853e-13
20.455 -0.309017
20.46 -0.587785
20.465 -0.809017
20.47 -0.951057
20.475 -1
20.48 -0.951057
20.485 -0.809017
20.49 -0.587785
20.495 -0.309017
20.5 -9.99469e-14
20.505 0.309017
20.51 0.587785
20.515 0.809017
20.52 0.951057
20.525 1
20.53 0.951057
20.535 0.809017
20.54 0.587785
20.545 0.309017
20.55 -2.95938e-15
20.555 -0.309017
20.56 -0.587785
20.565 -0.809017
20.57 -0.951057
20.575 -1
20.58 -0.951057
20.585 -0.809017
20.59 -0.587785
20.595 -0.309017
20.6 1.05866e-13
20.605 0.309017
20.61 0.587785
20.615 0.809017
20.62 0.951057
20.625 1
20.63 0.951057
20.635 0.809017
20.64 0.587785
20.645 0.309017
20.65 2.45975e-13
20.655 -0.309017
20.66 -0.587785
20.665 -0.809017
20.67 -0.951057
20.675 -1
20.68 -0.951057
20.685 -0.809017
20.69 -0.587785
20.695 -0.309017
20.7 -1.43069e-13
20.705 0.309017
20.71 0.587785
20.715 0.809017
20.72 0.951057
20.725 1
20.73 0.951057
20.735 0.809017
20.74 0.587785
20.745 0.309017
20.75 4.0163e-14
20.755 -0.309017
20.76 -0.587785
20.765 -0.809017
20.77 -0.951057
20.775 -1
20.78 -0.951057
20.785 -0.809017
20.79 -0.587785
20.795 -0.309017
20.8 6.27432e-14
20.805 0.309017
20.81 0.587785
20.815 0.809017
20.82 0.951057
20.825 1
20.83 0.951057
20.835 0.809017
20.84 0.587785
20.845 0.309017
20.85 6.17242e-14
20.855 -0.309017
20.86 -0.587785
20.865 -0.809017
20.87 -0.951057
20.875 -1
20.88 -0.951057
20.885 -0.809017
20.89 -0.587785
20.895 -0.309017
20.9 -1.86192e-13
20.905 0.309017
20.91 0.587785
20.915 0.809017
20.92 0.951057
20.925 1
20.93 0.951057
20.935 0.809017
20.94 0.587785
20.945 0.309017
20.95 8.32854e-14
20.955 -0.309017
20.96 -0.587785
20.965 -0.809017
20.97 -0.951057
20.975 -1
20.98 -0.951057
20.985 -0.809017
20.99 -0.587785
20.995 -0.309017
21 1.96208e-14
21.005 0.309017
21.01 0.587785
21.015 0.809017
21.02 0.951057
21.025 1
21.03 0.951057
21.035 0.809017
21.04 0.587785
21.045 0.309017
21.05 1.04847e-13
21.055 -0.309017
21.06 -0.587785
21.065 -0.809017
21.07 -0.951057
21.075 -1
21.08 -0.951057
21.085 -0.809017
21.09 -0.587785
21.095 -0.309017
21.1 -1.9404e-15
21.105 0.309017
21.11 0.587785
21.115 0.809017
21.12 0.951057
21.125 1
21.13 0.951057
21.135 0.809017
21.14 0.587785
21.145 0.309017
21.15 1.26408e-13
21.155 -0.309017
21.16 -0.587785
21.165 -0.809017
21.17 -0.951057
21.175 -1
21.18 -0.951057
21.185 -0.809017
21.19 -0.587785
21.195 -0.309017
21.2 -2.35016e-14
21.205 0.309017
21.21 0.587785
21.215 0.809017
21.22 0.951057
21.225 1
21.23 0.951057
21.235 0.809017
21.24 0.587785
21.245 0.309017
21.25 1.47969e-13
21.255 -0.309017
21.26 -0.587785
21.265 -0.809017
21.27 -0.951057
21.275 -1
21.28 -0.951057
21.285 -0.809017
21.29 -0.587785
21.295 -0.309017
21.3 -4.50628e-14
21.305 0.309017
21.31 0.587785
21.315 0.809017
21.32 0.951057
21.325 1
21.33 0.951057
21.335 0.809017
21.34 0.587785
21.345 0.309017
21.35 -5.78434e-14
21.355 -0.309017
21.36 -0.587785
21.365 -0.809017
21.37 -0.951057
21.375 -1
21.38 -0.951057
21.385 -0.809017
21.39 -0.587785
21.395 -0.309017
21.4 -6.6624e-14
21.405 0.309017
21.41 0.587785
21.415 0.809017
21.42 0.951057
21.425 1
21.43 0.951057
21.435 0.809017
21.44 0.587785
21.445 0.309017
21.45 1.91091e-13
21.455 -0.309017
21.46 -0.587785
21.465 -0.809017
21.47 -0.951057
21.475 -1
21.48 -0.951057
21.485 -0.809017
21.49 -0.587785
21.495 -0.309017
21.5 -8.81852e-14
21.505 0.309017
21.51 0.587785
21.515 0.809017
21.52 0.951057
21.525 1
21.53 0.951057
21.535 0.809017
21.54 0.587785
21.545 0.309017
21.55 -1.4721e-14
21.555 -0.309017
21.56 -0.587785
21.565 -0.809017
21.57 -0.951057
21.575 -1
21.58 -0.951057
21.585 -0.809017
21.59 -0.587785
21.595 -0.309017
21.6 1.17627e-13
21.605 0.309017
21.61 0.587785
21.615 0.809017
21.62 0.951057
21.625 1
21.63 0.951057
21.635 0.809017
21.64 0.587785
21.645 0.309017
21.65 2.34214e-13
21.655 -0.309017
21.66 -0.587785
21.665 -0.809017
21.67 -0.951057
21.675 -1
21.68 -0.951057
21.685 -0.809017
21.69 -0.587785
21.695 -0.309017
21.7 -1.31308e-13
21.705 0.309017
21.71 0.587785
21.715 0.809017
21.72 0.951057
21.725 1
21.73 0.951057
21.735 0.809017
21.74 0.587785
21.745 0.309017
21.75 2.84014e-14
21.755 -0.309017
21.76 -0.587785
21.765 -0.809017
21.77 -0.951057
21.775 -1
21.78 -0.951057
21.785 -0.809017
21.79 -0.587785
21.795 -0.309017
21.8 7.45049e-14
21.805 0.309017
21.81 0.587785
21.815 0.809017
21.82 0.951057
21.825 1
21.83 0.951057
21.835 0.809017
21.84 0.587785
21.845 0.309017
21.85 4.99626e-14
21.855 -0.309017
21.86 -0.587785
21.865 -0.809017
21.87 -0.951057
21.875 -1
21.88 -0.951057
21.885 -0.809017
21.89 -0.587785
21.895 -0.309017
21.9 -1.7443e-13
21.905 0.309017
21.91 0.587785
21.915 0.809017
21.92 0.951057
21.925 1
21.93 0.951057
21.935 0.809017
21.94 0.587785
21.945 0.309017
21.95 7.15238e-14
21.955 -0.309017
21.96 -0.587785
21.965 -0.809017
21.97 -0.951057
21.975 -1
21.98 -0.951057
21.985 -0.809017
21.99 -0.587785
21.995 -0.309017
22 1.56912e-14
22.005 0.156434
22.01 0.309017
22.015 0.45399
22.02 0.587785
22.025 0.707107
22.03 0.809017
22.035 0.891007
22.04 0.951057
22.045 0.987688
22.05 1
22.055 0.987688
22.06 0.951057
22.065 0.891007
22.07 0.809017
22.075 0.707107
22.08 0.587785
22.085 0.45399
22.09 0.309017
22.095 0.156434
22.1 -4.91062e-15
22.105 -0.156434
22.11 -0.309017
22.115 -0.45399
22.12 -0.587785
22.125 -0.707107
22.13 -0.809017
22.135 -0.891007
22.14 -0.951057
22.145 -0.987688
22.15 -1
22.155 -0.987688
22.16 -0.951057
22.165 -0.891007
22.17 -0.809017
22.175 -0.707107
22.18 -0.587785
22.185 -0.45399
22.19 -0.309017
22.195 -0.156434
22.2 -5.86998e-15
22.205 0.156434
22.21 0.309017
22.215 0.45399
22.22 0.587785
22.225 0.707107
22.23 0.809017
22.235 0.891007
22.24 0.951057
22.245 0.987688
22.25 1
22.255 0.987688
22.26 0.951057
22.265 0.891007
22.27 0.809017
22.275 0.707107
22.28 0.587785
22.285 0.45399
22.29 0.309017
22.295 0.156434
22.3 1.66506e-14
22.305 -0.156434
22.31 -0.309017
22.315 -0.45399
22.32 -0.587785
22.325 -0.707107
22.33 -0.809017
22.335 -0.891007
22.34 -0.951057
22.345 -0.987688
22.35 -1
22.355 -0.987688
22.36 -0.951057
22.365 -0.891007
22.37 -0.809017
22.375 -0.707107
22.38 -0.587785
22.385 -0.45399
22.39 -0.309017
22.395 -0.156434
22.4 -2.74312e-14
22.405 0.156434
22.41 0.309017
22.415 0.45399
22.42 0.587785
22.425 0.707107
22.43 0.809017
22.435 0.891007
22.44 0.951057
22.445 0.987688
22.45 1
22.455 0.987688
22.46 0.951057
22.465 0.891007
22.47 0.809017
22.475 0.707107
22.48 0.587785
22.485 0.45399
22.49 0.309017
22.495 0.156434
22.5 3.82118e-14
22.505 -0.156434
22.51 -0.309017
22.515 -0.45399
22.52 -0.587785
22.525 -0.707107
22.53 -0.809017
22.535 -0.891007
22.54 -0.951057
22.545 -0.987688
22.55 -1
22.555 -0.987688
22.56 -0.951057
22.565 -0.891007
22.57 -0.809017
22.575 -0.707107
22.58 -0.587785
22.585 -0.45399
22.59 -0.309017
22.595 -0.156434
22.6 6.46945e-14
22.605 0.156434
22.61 0.309017
22.615 0.45399
22.62 0.587785
22.625 0.707107
22.63 0.809017
22.635 0.891007
22.64 0.951057
22.645 0.987688
22.65 1
22.655 0.987688
22.66 0.951057
22.665 0.891007
22.67 0.809017
22.675 0.707107
22.68 0.587785
22.685 0.45399
22.69 0.309017
22.695 0.156434
22.7 5.9773e-14
22.705 -0.156434
22.71 -0.309017
22.715 -0.45399
22.72 -0.587785
22.725 -0.707107
22.73 -0.809017
22.735 -0.891007
22.74 -0.951057
22.745 -0.987688
22.75 -1
22.755 -0.987688
22.76 -0.951057
22.765 -0.891007
22.77 -0.809017
22.775 -0.707107
22.78 -0.587785
22.785 -0.45399
22.79 -0.309017
22.795 -0.156434
22.8 4.31332e-14
22.805 0.156434
22.81 0.309017
22.815 0.45399
22.82 0.587785
22.825 0.707107
22.83 0.809017
22.835 0.891007
22.84 0.951057
22.845 0.987688
22.85 1
22.855 0.987688
22.86 0.951057
22.865 0.891007
22.87 0.809017
22.875 0.707107
22.88 0.587785
22.885 0.45399
22.89 0.309017
22.895 0.156434
22.9 8.13342e-14
22.905 -0.156434
22.91 -0.309017
22.915 -0.45399
22.92 -0.587785
22.925 -0.707107
22.93 -0.809017
22.935 -0.891007
22.94 -0.951057
22.945 -0.987688
22.95 -1
22.955 -0.987688
22.96 -0.951057
22.965 -0.891007
22.97 -0.809017
22.975 -0.707107
22.98 -0.587785
22.985 -0.45399
22.99 -0.309017
22.995 -0.156434
23 2.1572e-14
23.005 0.156434
23.01 0.309017
23.015 0.45399
23.02 0.587785
23.025 0.707107
23.03 0.809017
23.035 0.891007
23.04 0.951057
23.045 0.987688
23.05 1
23.055 0.987688
23.06 0.951057
23.065 0.891007
23.07 0.809017
23.075 0.707107
23.08 0.587785
23.085 0.45399
23.09 0.309017
23.095 0.156434
23.1 -1.07914e-14
23.105 -0.156434
23.11 -0.309017
23.115 -0.45399
23.12 -0.587785
23.125 -0.707107
23.13 -0.809017
23.135 -0.891007
23.14 -0.951057
23.145 -0.987688
23.15 -1
23.155 -0.987688
23.16 -0.951057
23.165 -0.891007
23.17 -0.809017
23.175 -0.707107
23.18 -0.587785
23.185 -0.45399
23.19 -0.309017
23.195 -0.156434
23.2 1.0842e-17
23.205 0.156434
23.21 0.309017
23.215 0.45399
23.22 0.587785
23.225 0.707107
23.23 0.809017
23.235 0.891007
23.24 0.951057
23.245 0.987688
23.25 1
23.255 0.987688
23.26 0.951057
23.265 0.891007
23.27 0.809017
23.275 0.707107
23.28 0.587785
23.285 0.45399
23.29 0.309017
23.295 0.156434
23.3 1.07698e-14
23.305 -0.156434
23.31 -0.309017
23.315 -0.45399
23.32 -0.587785
23.325 -0.707107
23.33 -0.809017
23.335 -0.891007
23.34 -0.951057
23.345 -0.987688
23.35 -1
23.355 -0.987688
23.36 -0.951057
23.365 -0.891007
23.37 -0.809017
23.375 -0.707107
23.38 -0.587785
23.385 -0.45399
23.39 -0.309017
23.395 -0.156434
23.4 -2.15504e-14
23.405 0.156434
23.41 0.309017
23.415 0.45399
23.42 0.587785
23.425 0.707107
23.43 0.809017
23.435 0.891007
23.44 0.951057
23.445 0.987688
23.45 1
23.455 0.987688
23.46 0.951057
23.465 0.891007
23.47 0.809017
23.475 0.707107
23.48 0.587785
23.485 0.45399
23.49 0.309017
23.495 0.156434
23.5 3.2331e-14
23.505 -0.156434
23.51 -0.309017
23.515 -0.45399
23.52 -0.587785
23.525 -0.707107
23.53 -0.809017
23.535 -0.891007
23.54 -0.951057
23.545 -0.987688
23.55 -1
23.555 -0.987688
23.56 -0.951057
23.565 -0.891007
23.57 -0.809017
23.575 -0.707107
23.58 -0.587785
23.585 -0.45399
23.59 -0.309017
23.595 -0.156434
23.6 7.05753e-14
23.605 0.156434
23.61 0.309017
23.615 0.45399
23.62 0.587785
23.625 0.707107
23.63 0.809017
23.635 0.891007
23.64 0.951057
23.645 0.987688
23.65 1
23.655 0.987688
23.66 0.951057
23.665 0.891007
23.67 0.809017
23.675 0.707107
23.68 0.587785
23.685 0.45399
23.69 0.309017
23.695 0.156434
23.7 5.38922e-14
23.705 -0.156434
23.71 -0.309017
23.715 -0.45399
23.72 -0.587785
23.725 -0.707107
23.73 -0.809017
23.735 -0.891007
23.74 -0.951057
23.745 -0.987688
23.75 -1
23.755 -0.987688
23.76 -0.951057
23.765 -0.891007
23.77 -0.809017
23.775 -0.707107
23.78 -0.587785
23.785 -0.45399
23.79 -0.309017
23.795 -0.156434
23.8 4.90141e-14
23.805 0.156434
23.81 0.309017
23.815 0.45399
23.82 0.587785
23.825 0.707107
23.83 0.809017
23.835 0.891007
23.84 0.951057
23.845 0.987688
23.85 1
23.855 0.987688
23.86 0.951057
23.865 0.891007
23.87 0.809017
23.875 0.707107
23.88 0.587785
23.885 0.45399
23.89 0.309017
23.895 0.156434
23.9 7.54534e-14
23.905 -0.156434
23.91 -0.309017
23.915 -0.45399
23.92 -0.587785
23.925 -0.707107
23.93 -0.809017
23.935 -0.891007
23.94 -0.951057
23.945 -0.987688
23.95 -1
23.955 -0.987688
23.96 -0.951057
23.965 -0.891007
23.97 -0.809017
23.975 -0.707107
23.98 -0.587785
23.985 -0.45399
23.99 -0.309017
23.995 -0.156434
24 -8.6234e-14
24.005 0.156434
24.01 0.309017
24.015 0.45399
24.02 0.587785
24.025 0.707107
24.03 0.809017
24.035 0.891007
24.04 0.951057
24.045 0.987688
24.05 1
24.055 0.987688
24.06 0.951057
24.065 0.891007
24.07 0.809017
24.075 0.707107
24.08 0.587785
24.085 0.45399
24.09 0.309017
24.095 0.156434
24.1 -1.66723e-14
24.105 -0.156434
24.11 -0.309017
24.115 -0.45399
24.12 -0.587785
24.125 -0.707107
24.13 -0.809017
24.135 -0.891007
24.14 -0.951057
24.145 -0.987688
24.15 -1
24.155 -0.987688
24.16 -0.951057
24.165 -0.891007
24.17 -0.809017
24.175 -0.707107
24.18 -0.587785
24.185 -0.45399
24.19 -0.309017
24.195 -0.156434
24.2 -1.07795e-13
24.205 0.156434
24.21 0.309017
24.215 0.45399
24.22 0.587785
24.225 0.707107
24.23 0.809017
24.235 0.891007
24.24 0.951057
24.245 0.987688
24.25 1
24.255 0.987688
24.26 0.951057
24.265 0.891007
24.27 0.809017
24.275 0.707107
24.28 0.587785
24.285 0.45399
24.29 0.309017
24.295 0.156434
24.3 4.88894e-15
24.305 -0.156434
24.31 -0.309017
24.315 -0.45399
24.32 -0.587785
24.325 -0.707107
24.33 -0.809017
24.335 -0.891007
24.34 -0.951057
24.345 -0.987688
24.35 -1
24.355 -0.987688
24.36 -0.951057
24.365 -0.891007
24.37 -0.809017
24.375 -0.707107
24.38 -0.587785
24.385 -0.45399
24.39 -0.309017
24.395 -0.156434
24.4 -1.29356e-13
24.405 0.156434
24.41 0.309017
24.415 0.45399
24.42 0.587785
24.425 0.707107
24.43 0.809017
24.435 0.891007
24.44 0.951057
24.445 0.987688
24.45 1
24.455 0.987688
24.46 0.951057
24.465 0.891007
24.47 0.809017
24.475 0.707107
24.48 0.587785
24.485 0.45399
24.49 0.309017
24.495 0.156434
24.5 2.64501e-14
24.505 -0.156434
24.51 -0.309017
24.515 -0.45399
24.52 -0.587785
24.525 -0.707107
24.53 -0.809017
24.535 -0.891007
24.54 -0.951057
24.545 -0.987688
24.55 -1
24.555 -0.987688
24.56 -0.951057
24.565 -0.891007
24.57 -0.809017
24.575 -0.707107
24.58 -0.587785
24.585 -0.45399
24.59 -0.309017
24.595 -0.156434
24.6 -3.72307e-14
24.605 0.156434
24.61 0.309017
24.615 0.45399
24.62 0.587785
24.625 0.707107
24.63 0.809017
24.635 0.891007
24.64 0.951057
24.645 0.987688
24.65 1
24.655 0.987688
24.66 0.951057
24.665 0.891007
24.67 0.809017
24.675 0.707107
24.68 0.587785
24.685 0.45399
24.69 0.309017
24.695 0.156434
24.7 4.80113e-14
24.705 -0.156434
24.71 -0.309017
24.715 -0.45399
24.72 -0.587785
24.725 -0.707107
24.73 -0.809017
24.735 -0.891007
24.74 -0.951057
24.745 -0.987688
24.75 -1
24.755 -0.987688
24.76 -0.951057
24.765 -0.891007
24.77 -0.809017
24.775 -0.707107
24.78 -0.587785
24.785 -0.45399
24.79 -0.309017
24.795 -0.156434
24.8 -5.87919e-14
24.805 0.156434
24.81 0.309017
24.815 0.45399
24.82 0.587785
24.825 0.707107
24.83 0.809017
24.835 0.891007
24.84 0.951057
24.845 0.987688
24.85 1
24.855 0.987688
24.86 0.951057
24.865 0.891007
24.87 0.809017
24.875 0.707107
24.88 0.587785
24.885 0.45399
24.89 0.309017
24.895 0.156434
24.9 6.95725e-14
24.905 -0.156434
24.91 -0.309017
24.915 -0.45399
24.92 -0.587785
24.925 -0.707107
24.93 -0.809017
24.935 -0.891007
24.94 -0.951057
24.945 -0.987688
24.95 -1
24.955 -0.987688
24.96 -0.951057
24.965 -0.891007
24.97 -0.809017
24.975 -0.707107
24.98 -0.587785
24.985 -0.45399
24.99 -0.309017
24.995 -0.156434
25 -1.60706e-13
25.005 0.309017
25.01 0.587785
25.015 0.809017
25.02 0.951057
25.025 1
25.03 0.951057
25.035 0.809017
25.04 0.587785
25.045 0.309017
25.05 5.78001e-14
25.055 -0.309017
25.06 -0.587785
25.065 -0.809017
25.07 -0.951057
25.075 -1
25.08 -0.951057
25.085 -0.809017
25.09 -0.587785
25.095 -0.309017
25.1 4.51062e-14
25.105 0.309017
25.11 0.587785
25.115 0.809017
25.12 0.951057
25.125 1
25.13 0.951057
25.135 0.809017
25.14 0.587785
25.145 0.309017
25.15 7.93613e-14
25.155 -0.309017
25.16 -0.587785
25.165 -0.809017
25.17 -0.951057
25.175 -1
25.18 -0.951057
25.185 -0.809017
25.19 -0.587785
25.195 -0.309017
25.2 -2.03829e-13
25.205 0.309017
25.21 0.587785
25.215 0.809017
25.22 0.951057
25.225 1
25.23 0.951057
25.235 0.809017
25.24 0.587785
25.245 0.309017
25.25 1.00922e-13
25.255 -0.309017
25.26 -0.587785
25.265 -0.809017
25.27 -0.951057
25.275 -1
25.28 -0.951057
25.285 -0.809017
25.29 -0.587785
25.295 -0.309017
25.3 1.98376e-15
25.305 0.309017
25.31 0.587785
25.315 0.809017
25.32 0.951057
25.325 1
25.33 0.951057
25.335 0.809017
25.34 0.587785
25.345 0.309017
25.35 -1.0489e-13
25.355 -0.309017
25.36 -0.587785
25.365 -0.809017
25.37 -0.951057
25.375 -1
25.38 -0.951057
25.385 -0.809017
25.39 -0.587785
25.395 -0.309017
25.4 -2.46951e-13
25.405 0.309017
25.41 0.587785
25.415 0.809017
25.42 0.951057
25.425 1
25.43 0.951057
25.435 0.809017
25.44 0.587785
25.445 0.309017
25.45 1.44045e-13
25.455 -0.309017
25.46 -0.587785
25.465 -0.809017
25.47 -0.951057
25.475 -1
25.48 -0.951057
25.485 -0.809017
25.49 -0.587785
25.495 -0.309017
25.5 -4.11386e-14
25.505 0.309017
25.51 0.587785
25.515 0.809017
25.52 0.951057
25.525 1
25.53 0.951057
25.535 0.809017
25.54 0.587785
25.545 0.309017
25.55 -6.17676e-14
25.555 -0.309017
25.56 -0.587785
25.565 -0.809017
25.57 -0.951057
25.575 -1
25.58 -0.951057
25.585 -0.809017
25.59 -0.587785
25.595 -0.309017
25.6 -6.26998e-14
25.605 0.309017
25.61 0.587785
25.615 0.809017
25.62 0.951057
25.625 1
25.63 0.951057
25.635 0.809017
25.64 0.587785
25.645 0.309017
25.65 1.87167e-13
25.655 -0.309017
25.66 -0.587785
25.665 -0.809017
25.67 -0.951057
25.675 -1
25.68 -0.951057
25.685 -0.809017
25.69 -0.587785
25.695 -0.309017
25.7 -8.4261e-14
25.705 0.309017
25.71 0.587785
25.715 0.809017
25.72 0.951057
25.725 1
25.73 0.951057
25.735 0.809017
25.74 0.587785
25.745 0.309017
25.75 -1.86452e-14
25.755 -0.309017
25.76 -0.587785
25.765 -0.809017
25.77 -0.951057
25.775 -1
25.78 -0.951057
25.785 -0.809017
25.79 -0.587785
25.795 -0.309017
25.8 -1.05822e-13
25.805 0.309017
25.81 0.587785
25.815 0.809017
25.82 0.951057
25.825 1
25.83 0.951057
25.835 0.809017
25.84 0.587785
25.845 0.309017
25.85 2.91602e-15
25.855 -0.309017
25.86 -0.587785
25.865 -0.809017
25.87 -0.951057
25.875 -1
25.88 -0.951057
25.885 -0.809017
25.89 -0.587785
25.895 -0.309017
25.9 -1.27383e-13
25.905 0.309017
25.91 0.587785
25.915 0.809017
25.92 0.951057
25.925 1
25.93 0.951057
25.935 0.809017
25.94 0.587785
25.945 0.309017
25.95 2.44772e-14
25.955 -0.309017
25.96 -0.587785
25.965 -0.809017
25.97 -0.951057
25.975 -1
25.98 -0.951057
25.985 -0.809017
25.99 -0.587785
25.995 -0.309017
26 -1.48945e-13
26.005 0.309017
26.01 0.587785
26.015 0.809017
26.02 0.951057
26.025 1
26.03 0.951057
26.035 0.809017
26.04 0.587785
26.045 0.309017
26.05 4.60384e-14
26.055 -0.309017
26.06 -0.587785
26.065 -0.809017
26.07 -0.951057
26.075 -1
26.08 -0.951057
26.085 -0.809017
26.09 -0.587785
26.095 -0.309017
26.1 5.68678e-14
26.105 0.309017
26.11 0.587785
26.115 0.809017
26.12 0.951057
26.125 1
26.13 0.951057
26.135 0.809017
26.14 0.587785
26.145 0.309017
26.15 6.75996e-14
26.155 -0.309017
26.16 -0.587785
26.165 -0.809017
26.17 -0.951057
26.175 -1
26.18 -0.951057
26.185 -0.809017
26.19 -0.587785
26.195 -0.309017
26.2 -1.92067e-13
26.205 0.309017
26.21 0.587785
26.215 0.809017
26.22 0.951057
26.225 1
26.23 0.951057
26.235 0.809017
26.24 0.587785
26.245 0.309017
26.25 8.91608e-14
26.255 -0.309017
26.26 -0.587785
26.265 -0.809017
26.27 -0.951057
26.275 -1
26.28 -0.951057
26.285 -0.809017
26.29 -0.587785
26.295 -0.309017
26.3 1.37454e-14
26.305 0.309017
26.31 0.587785
26.315 0.809017
26.32 0.951057
26.325 1
26.33 0.951057
26.335 0.809017
26.34 0.587785
26.345 0.309017
26.35 -1.16652e-13
26.355 -0.309017
26.36 -0.587785
26.365 -0.809017
26.37 -0.951057
26.375 -1
26.38 -0.951057
26.385 -0.809017
26.39 -0.587785
26.395 -0.309017
26.4 -2.35189e-13
26.405 0.309017
26.41 0.587785
26.415 0.809017
26.42 0.951057
26.425 1
26.43 0.951057
26.435 0.809017
26.44 0.587785
26.445 0.309017
26.45 1.32283e-13
26.455 -0.309017
26.46 -0.587785
26.465 -0.809017
26.47 -0.951057
26.475 -1
26.48 -0.951057
26.485 -0.809017
26.49 -0.587785
26.495 -0.309017
26.5 -2.9377e-14
26.505 0.309017
26.51 0.587785
26.515 0.809017
26.52 0.951057
26.525 1
26.53 0.951057
26.535 0.809017
26.54 0.587785
26.545 0.309017
26.55 -7.35292e-14
26.555 -0.309017
26.56 -0.587785
26.565 -0.809017
26.57 -0.951057
26.575 -1
26.58 -0.951057
26.585 -0.809017
26.59 -0.587785
26.595 -0.309017
26.6 -5.09382e-14
26.605 0.309017
26.61 0.587785
26.615 0.809017
26.62 0.951057
26.625 1
26.63 0.951057
26.635 0.809017
26.64 0.587785
26.645 0.309017
26.65 1.75406e-13
26.655 -0.309017
26.66 -0.587785
26.665 -0.809017
26.67 -0.951057
26.675 -1
26.68 -0.951057
26.685 -0.809017
26.69 -0.587785
26.695 -0.309017
26.7 -7.24994e-14
26.705 0.309017
26.71 0.587785
26.715 0.809017
26.72 0.951057
26.725 1
26.73 0.951057
26.735 0.809017
26.74 0.587785
26.745 0.309017
26.75 -3.04068e-14
26.755 -0.309017
26.76 -0.587785
26.765 -0.809017
26.77 -0.951057
26.775 -1
26.78 -0.951057
26.785 -0.809017
26.79 -0.587785
26.795 -0.309017
26.8 -9.40606e-14
26.805 0.309017
26.81 0.587785
26.815 0.809017
26.82 0.951057
26.825 1
26.83 0.951057
26.835 0.809017
26.84 0.587785
26.845 0.309017
26.85 -8.84563e-15
26.855 -0.309017
26.86 -0.587785
26.865 -0.809017
26.87 -0.951057
26.875 -1
26.88 -0.951057
26.885 -0.809017
26.89 -0.587785
26.895 -0.309017
26.9 -1.15622e-13
26.905 0.309017
26.91 0.587785
26.915 0.809017
26.92 0.951057
26.925 1
26.93 0.951057
26.935 0.809017
26.94 0.587785
26.945 0.309017
26.95 1.27156e-14
26.955 -0.309017
26.96 -0.587785
26.965 -0.809017
26.97 -0.951057
26.975 -1
26.98 -0.951057
26.985 -0.809017
26.99 -0.587785
26.995 -0.309017
27 -6.85915e-14
27.005 0.156434
27.01 0.309017
27.015 0.45399
27.02 0.587785
27.025 0.707107
27.03 0.809017
27.035 0.891007
27.04 0.951057
27.045 0.987688
27.05 1
27.055 0.987688
27.06 0.951057
27.065 0.891007
27.07 0.809017
27.075 0.707107
27.08 0.587785
27.085 0.45399
27.09 0.309017
27.095 0.156434
27.1 -3.43147e-14
27.105 -0.156434
27.11 -0.309017
27.115 -0.45399
27.12 -0.587785
27.125 -0.707107
27.13 -0.809017
27.135 -0.891007
27.14 -0.951057
27.145 -0.987688
27.15 -1
27.155 -0.987688
27.16 -0.951057
27.165 -0.891007
27.17 -0.809017
27.175 -0.707107
27.18 -0.587785
27.185 -0.45399
27.19 -0.309017
27.195 -0.156434
27.2 -9.01527e-14
27.205 0.156434
27.21 0.309017
27.215 0.45399
27.22 0.587785
27.225 0.707107
27.23 0.809017
27.235 0.891007
27.24 0.951057
27.245 0.987688
27.25 1
27.255 0.987688
27.26 0.951057
27.265 0.891007
27.27 0.809017
27.275 0.707107
27.28 0.587785
27.285 0.45399
27.29 0.309017
27.295 0.156434
27.3 -1.27535e-14
27.305 -0.156434
27.31 -0.309017
27.315 -0.45399
27.32 -0.587785
27.325 -0.707107
27.33 -0.809017
27.335 -0.891007
27.34 -0.951057
27.345 -0.987688
27.35 -1
27.355 -0.987688
27.36 -0.951057
27.365 -0.891007
27.37 -0.809017
27.375 -0.707107
27.38 -0.587785
27.385 -0.45399
27.39 -0.309017
27.395 -0.156434
27.4 -1.11714e-13
27.405 0.156434
27.41 0.309017
27.415 0.45399
27.42 0.587785
27.425 0.707107
27.43 0.809017
27.435 0.891007
27.44 0.951057
27.445 0.987688
27.45 1
27.455 0.987688
27.46 0.951057
27.465 0.891007
27.47 0.809017
27.475 0.707107
27.48 0.587785
27.485 0.45399
27.49 0.309017
27.495 0.156434
27.5 8.80768e-15
27.505 -0.156434
27.51 -0.309017
27.515 -0.45399
27.52 -0.587785
27.525 -0.707107
27.53 -0.809017
27.535 -0.891007
27.54 -0.951057
27.545 -0.987688
27.55 -1
27.555 -0.987688
27.56 -0.951057
27.565 -0.891007
27.57 -0.809017
27.575 -0.707107
27.58 -0.587785
27.585 -0.45399
27.59 -0.309017
27.595 -0.156434
27.6 -1.95883e-14
27.605 0.156434
27.61 0.309017
27.615 0.45399
27.62 0.587785
27.625 0.707107
27.63 0.809017
27.635 0.891007
27.64 0.951057
27.645 0.987688
27.65 1
27.655 0.987688
27.66 0.951057
27.665 0.891007
27.67 0.809017
27.675 0.707107
27.68 0.587785
27.685 0.45399
27.69 0.309017
27.695 0.156434
27.7 3.03689e-14
27.705 -0.156434
27.71 -0.309017
27.715 -0.45399
27.72 -0.587785
27.725 -0.707107
27.73 -0.809017
27.735 -0.891007
27.74 -0.951057
27.745 -0.987688
27.75 -1
27.755 -0.987688
27.76 -0.951057
27.765 -0.891007
27.77 -0.809017
27.775 -0.707107
27.78 -0.587785
27.785 -0.45399
27.79 -0.309017
27.795 -0.156434
27.8 -4.11495e-14
27.805 0.156434
27.81 0.309017
27.815 0.45399
27.82 0.587785
27.825 0.707107
27.83 0.809017
27.835 0.891007
27.84 0.951057
27.845 0.987688
27.85 1
27.855 0.987688
27.86 0.951057
27.865 0.891007
27.87 0.809017
27.875 0.707107
27.88 0.587785
27.885 0.45399
27.89 0.309017
27.895 0.156434
27.9 5.19301e-14
27.905 -0.156434
27.91 -0.309017
27.915 -0.45399
27.92 -0.587785
27.925 -0.707107
27.93 -0.809017
27.935 -0.891007
27.94 -0.951057
27.945 -0.987688
27.95 -1
27.955 -0.987688
27.96 -0.951057
27.965 -0.891007
27.97 -0.809017
27.975 -0.707107
27.98 -0.587785
27.985 -0.45399
27.99 -0.309017
27.995 -0.156434
28 -1.25421e-13
28.005 0.309017
28.01 0.587785
28.015 0.809017
28.02 0.951057
28.025 1
28.03 0.951057
28.035 0.809017
28.04 0.587785
28.045 0.309017
28.05 2.25151e-14
28.055 -0.309017
28.06 -0.587785
28.065 -0.809017
28.07 -0.951057
28.075 -1
28.08 -0.951057
28.085 -0.809017
28.09 -0.587785
28.095 -0.309017
28.1 8.03911e-14
28.105 0.309017
28.11 0.587785
28.115 0.809017
28.12 0.951057
28.125 1
28.13 0.951057
28.135 0.809017
28.14 0.587785
28.145 0.309017
28.15 2.7145e-13
28.155 -0.309017
28.16 -0.587785
28.165 -0.809017
28.17 -0.951057
28.175 -1
28.18 -0.951057
28.185 -0.809017
28.19 -0.587785
28.195 -0.309017
28.2 -1.68544e-13
28.205 0.309017
28.21 0.587785
28.215 0.809017
28.22 0.951057
28.225 1
28.23 0.951057
28.235 0.809017
28.24 0.587785
28.245 0.309017
28.25 6.56375e-14
28.255 -0.309017
28.26 -0.587785
28.265 -0.809017
28.27 -0.951057
28.275 -1
28.28 -0.951057
28.285 -0.809017
28.29 -0.587785
28.295 -0.309017
28.3 3.72687e-14
28.305 0.309017
28.31 0.587785
28.315 0.809017
28.32 0.951057
28.325 1
28.33 0.951057
28.335 0.809017
28.34 0.587785
28.345 0.309017
28.35 8.71987e-14
28.355 -0.309017
28.36 -0.587785
28.365 -0.809017
28.37 -0.951057
28.375 -1
28.38 -0.951057
28.385 -0.809017
28.39 -0.587785
28.395 -0.309017
28.4 -2.11666e-13
28.405 0.309017
28.41 0.587785
28.415 0.809017
28.42 0.951057
28.425 1
28.43 0.951057
28.435 0.809017
28.44 0.587785
28.445 0.309017
28.45 1.0876e-13
28.455 -0.309017
28.46 -0.587785
28.465 -0.809017
28.47 -0.951057
28.475 -1
28.48 -0.951057
28.485 -0.809017
28.49 -0.587785
28.495 -0.309017
28.5 -5.85372e-15
28.505 0.309017
28.51 0.587785
28.515 0.809017
28.52 0.951057
28.525 1
28.53 0.951057
28.535 0.809017
28.54 0.587785
28.545 0.309017
28.55 1.30321e-13
28.555 -0.309017
28.56 -0.587785
28.565 -0.809017
28.57 -0.951057
28.575 -1
28.58 -0.951057
28.585 -0.809017
28.59 -0.587785
28.595 -0.309017
28.6 -2.74149e-14
28.605 0.309017
28.61 0.587785
28.615 0.809017
28.62 0.951057
28.625 1
28.63 0.951057
28.635 0.809017
28.64 0.587785
28.645 0.309017
28.65 1.51882e-13
28.655 -0.309017
28.66 -0.587785
28.665 -0.809017
28.67 -0.951057
28.675 -1
28.68 -0.951057
28.685 -0.809017
28.69 -0.587785
28.695 -0.309017
28.7 -4.89761e-14
28.705 0.309017
28.71 0.587785
28.715 0.809017
28.72 0.951057
28.725 1
28.73 0.951057
28.735 0.809017
28.74 0.587785
28.745 0.309017
28.75 1.73444e-13
28.755 -0.309017
28.76 -0.587785
28.765 -0.809017
28.77 -0.951057
28.775 -1
28.78 -0.951057
28.785 -0.809017
28.79 -0.587785
28.795 -0.309017
28.8 -7.05373e-14
28.805 0.309017
28.81 0.587785
28.815 0.809017
28.82 0.951057
28.825 1
28.83 0.951057
28.835 0.809017
28.84 0.587785
28.845 0.309017
28.85 -3.23689e-14
28.855 -0.309017
28.86 -0.587785
28.865 -0.809017
28.87 -0.951057
28.875 -1
28.88 -0.951057
28.885 -0.809017
28.89 -0.587785
28.895 -0.309017
28.9 -9.20985e-14
28.905 0.309017
28.91 0.587785
28.915 0.809017
28.92 0.951057
28.925 1
28.93 0.951057
28.935 0.809017
28.94 0.587785
28.945 0.309017
28.95 2.16566e-13
28.955 -0.309017
28.96 -0.587785
28.965 -0.809017
28.97 -0.951057
28.975 -1
28.98 -0.951057
28.985 -0.809017
28.99 -0.587785
28.995 -0.309017
29 -1.1366e-13
29.005 0.309017
29.01 0.587785
29.015 0.809017
29.02 0.951057
29.025 1
29.03 0.951057
29.035 0.809017
29.04 0.587785
29.045 0.309017
29.05 1.07535e-14
29.055 -0.309017
29.06 -0.587785
29.065 -0.809017
29.07 -0.951057
29.075 -1
29.08 -0.951057
29.085 -0.809017
29.09 -0.587785
29.095 -0.309017
29.1 9.21527e-14
29.105 0.309017
29.11 0.587785
29.115 0.809017
29.12 0.951057
29.125 1
29.13 0.951057
29.135 0.809017
29.14 0.587785
29.145 0.309017
29.15 2.59688e-13
29.155 -0.309017
29.16 -0.587785
29.165 -0.809017
29.17 -0.951057
29.175 -1
29.18 -0.951057
29.185 -0.809017
29.19 -0.587785
29.195 -0.309017
29.2 -1.56782e-13
29.205 0.309017
29.21 0.587785
29.215 0.809017
29.22 0.951057
29.225 1
29.23 0.951057
29.235 0.809017
29.24 0.587785
29.245 0.309017
29.25 5.38759e-14
29.255 -0.309017
29.26 -0.587785
29.265 -0.809017
29.27 -0.951057
29.275 -1
29.28 -0.951057
29.285 -0.809017
29.29 -0.587785
29.295 -0.309017
29.3 4.90303e-14
29.305 0.309017
29.31 0.587785
29.315 0.809017
29.32 0.951057
29.325 1
29.33 0.951057
29.335 0.809017
29.34 0.587785
29.345 0.309017
29.35 7.54371e-14
29.355 -0.309017
29.36 -0.587785
29.365 -0.809017
29.37 -0.951057
29.375 -1
29.38 -0.951057
29.385 -0.809017
29.39 -0.587785
29.395 -0.309017
29.4 -1.99905e-13
29.405 0.309017
29.41 0.587785
29.415 0.809017
29.42 0.951057
29.425 1
29.43 0.951057
29.435 0.809017
29.44 0.587785
29.445 0.309017
29.45 9.69983e-14
29.455 -0.309017
29.46 -0.587785
29.465 -0.809017
29.47 -0.951057
29.475 -1
29.48 -0.951057
29.485 -0.809017
29.49 -0.587785
29.495 -0.309017
29.5 5.90793e-15
29.505 0.309017
29.51 0.587785
29.515 0.809017
29.52 0.951057
29.525 1
29.53 0.951057
29.535 0.809017
29.54 0.587785
29.545 0.309017
29.55 1.1856e-13
29.555 -0.309017
29.56 -0.587785
29.565 -0.809017
29.57 -0.951057
29.575 -1
29.58 -0.951057
29.585 -0.809017
29.59 -0.587785
29.595 -0.309017
29.6 -1.56533e-14
29.605 0.309017
29.61 0.587785
29.615 0.809017
29.62 0.951057
29.625 1
29.63 0.951057
29.635 0.809017
29.64 0.587785
29.645 0.309017
29.65 1.40121e-13
29.655 -0.309017
29.66 -0.587785
29.665 -0.809017
29.67 -0.951057
29.675 -1
29.68 -0.951057
29.685 -0.809017
29.69 -0.587785
29.695 -0.309017
29.7 -3.72145e-14
29.705 0.309017
29.71 0.587785
29.715 0.809017
29.72 0.951057
29.725 1
29.73 0.951057
29.735 0.809017
29.74 0.587785
29.745 0.309017
29.75 1.61682e-13
29.755 -0.309017
29.76 -0.587785
29.765 -0.809017
29.77 -0.951057
29.775 -1
29.78 -0.951057
29.785 -0.809017
29.79 -0.587785
29.795 -0.309017
29.8 -5.87757e-14
29.805 0.309017
29.81 0.587785
29.815 0.809017
29.82 0.951057
29.825 1
29.83 0.951057
29.835 0.809017
29.84 0.587785
29.845 0.309017
29.85 -4.41306e-14
29.855 -0.309017
29.86 -0.587785
29.865 -0.809017
29.87 -0.951057
29.875 -1
29.88 -0.951057
29.885 -0.809017
29.89 -0.587785
29.895 -0.309017
29.9 -8.03369e-14
29.905 0.309017
29.91 0.587785
29.915 0.809017
29.92 0.951057
29.925 1
29.93 0.951057
29.935 0.809017
29.94 0.587785
29.945 0.309017
29.95 2.04804e-13
29.955 -0.309017
29.96 -0.587785
29.965 -0.809017
29.97 -0.951057
29.975 -1
29.98 -0.951057
29.985 -0.809017
29.99 -0.587785
29.995 -0.309017
30 -5.0949e-14
30.005 0.156434
30.01 0.309017
30.015 0.45399
30.02 0.587785
30.025 0.707107
30.03 0.809017
30.035 0.891007
30.04 0.951057
30.045 0.987688
30.05 1
30.055 0.987688
30.06 0.951057
30.065 0.891007
30.07 0.809017
30.075 0.707107
30.08 0.587785
30.085 0.45399
30.09 0.309017
30.095 0.156434
30.1 -5.19572e-14
30.105 -0.156434
30.11 -0.309017
30.115 -0.45399
30.12 -0.587785
30.125 -0.707107
30.13 -0.809017
30.135 -0.891007
30.14 -0.951057
30.145 -0.987688
30.15 -1
30.155 -0.987688
30.16 -0.951057
30.165 -0.891007
30.17 -0.809017
30.175 -0.707107
30.18 -0.587785
30.185 -0.45399
30.19 -0.309017
30.195 -0.156434
30.2 -7.25102e-14
30.205 0.156434
30.21 0.309017
30.215 0.45399
30.22 0.587785
30.225 0.707107
30.23 0.809017
30.235 0.891007
30.24 0.951057
30.245 0.987688
30.25 1
30.255 0.987688
30.26 0.951057
30.265 0.891007
30.27 0.809017
30.275 0.707107
30.28 0.587785
30.285 0.45399
30.29 0.309017
30.295 0.156434
30.3 -3.0396e-14
30.305 -0.156434
30.31 -0.309017
30.315 -0.45399
30.32 -0.587785
30.325 -0.707107
30.33 -0.809017
30.335 -0.891007
30.34 -0.951057
30.345 -0.987688
30.35 -1
30.355 -0.987688
30.36 -0.951057
30.365 -0.891007
30.37 -0.809017
30.375 -0.707107
30.38 -0.587785
30.385 -0.45399
30.39 -0.309017
30.395 -0.156434
30.4 -9.40715e-14
30.405 0.156434
30.41 0.309017
30.415 0.45399
30.42 0.587785
30.425 0.707107
30.43 0.809017
30.435 0.891007
30.44 0.951057
30.445 0.987688
30.45 1
30.455 0.987688
30.46 0.951057
30.465 0.891007
30.47 0.809017
30.475 0.707107
30.48 0.587785
30.485 0.45399
30.49 0.309017
30.495 0.156434
30.5 -8.83478e-15
30.505 -0.156434
30.51 -0.309017
30.515 -0.45399
30.52 -0.587785
30.525 -0.707107
30.53 -0.809017
30.535 -0.891007
30.54 -0.951057
30.545 -0.987688
30.55 -1
30.555 -0.987688
30.56 -0.951057
30.565 -0.891007
30.57 -0.809017
30.575 -0.707107
30.58 -0.587785
30.585 -0.45399
30.59 -0.309017
30.595 -0.156434
30.6 -1.94582e-15
30.605 0.156434
30.61 0.309017
30.615 0.45399
30.62 0.587785
30.625 0.707107
30.63 0.809017
30.635 0.891007
30.64 0.951057
30.645 0.987688
30.65 1
30.655 0.987688
30.66 0.951057
30.665 0.891007
30.67 0.809017
30.675 0.707107
30.68 0.587785
30.685 0.45399
30.69 0.309017
30.695 0.156434
30.7 1.27264e-14
30.705 -0.156434
30.71 -0.309017
30.715 -0.45399
30.72 -0.587785
30.725 -0.707107
30.73 -0.809017
30.735 -0.891007
30.74 -0.951057
30.745 -0.987688
30.75 -1
30.755 -0.987688
30.76 -0.951057
30.765 -0.891007
30.77 -0.809017
30.775 -0.707107
30.78 -0.587785
30.785 -0.45399
30.79 -0.309017
30.795 -0.156434
30.8 -2.3507e-14
30.805 0.156434
30.81 0.309017
30.815 0.45399
30.82 0.587785
30.825 0.707107
30.83 0.809017
30.835 0.891007
30.84 0.951057
30.845 0.987688
30.85 1
30.855 0.987688
30.86 0.951057
30.865 0.891007
30.87 0.809017
30.875 0.707107
30.88 0.587785
30.885 0.45399
30.89 0.309017
30.895 0.156434
30.9 3.42876e-14
30.905 -0.156434
30.91 -0.309017
30.915 -0.45399
30.92 -0.587785
30.925 -0.707107
30.93 -0.809017
30.935 -0.891007
30.94 -0.951057
30.945 -0.987688
30.95 -1
30.955 -0.987688
30.96 -0.951057
30.965 -0.891007
30.97 -0.809017
30.975 -0.707107
30.98 -0.587785
30.985 -0.45399
30.99 -0.309017
30.995 -0.156434
31 -4.50682e-14
31.005 0.156434
31.01 0.309017
31.015 0.45399
31.02 0.587785
31.025 0.707107
31.03 0.809017
31.035 0.891007
31.04 0.951057
31.045 0.987688
31.05 1
31.055 0.987688
31.06 0.951057
31.065 0.891007
31.07 0.809017
31.075 0.707107
31.08 0.587785
31.085 0.45399
31.09 0.309017
31.095 0.156434
31.1 -5.7838e-14
31.105 -0.156434
31.11 -0.309017
31.115 -0.45399
31.12 -0.587785
31.125 -0.707107
31.13 -0.809017
31.135 -0.891007
31.14 -0.951057
31.145 -0.987688
31.15 -1
31.155 -0.987688
31.16 -0.951057
31.165 -0.891007
31.17 -0.809017
31.175 -0.707107
31.18 -0.587785
31.185 -0.45399
31.19 -0.309017
31.195 -0.156434
31.2 -6.66294e-14
31.205 0.156434
31.21 0.309017
31.215 0.45399
31.22 0.587785
31.225 0.707107
31.23 0.809017
31.235 0.891007
31.24 0.951057
31.245 0.987688
31.25 1
31.255 0.987688
31.26 0.951057
31.265 0.891007
31.27 0.809017
31.275 0.707107
31.28 0.587785
31.285 0.45399
31.29 0.309017
31.295 0.156434
31.3 -3.62768e-14
31.305 -0.156434
31.31 -0.309017
31.315 -0.45399
31.32 -0.587785
31.325 -0.707107
31.33 -0.809017
31.335 -0.891007
31.34 -0.951057
31.345 -0.987688
31.35 -1
31.355 -0.987688
31.36 -0.951057
31.365 -0.891007
31.37 -0.809017
31.375 -0.707107
31.38 -0.587785
31.385 -0.45399
31.39 -0.309017
31.395 -0.156434
31.4 -8.81906e-14
31.405 0.156434
31.41 0.309017
31.415 0.45399
31.42 0.587785
31.425 0.707107
31.43 0.809017
31.435 0.891007
31.44 0.951057
31.445 0.987688
31.45 1
31.455 0.987688
31.46 0.951057
31.465 0.891007
31.47 0.809017
31.475 0.707107
31.48 0.587785
31.485 0.45399
31.49 0.309017
31.495 0.156434
31.5 -1.47156e-14
31.505 -0.156434
31.51 -0.309017
31.515 -0.45399
31.52 -0.587785
31.525 -0.707107
31.53 -0.809017
31.535 -0.891007
31.54 -0.951057
31.545 -0.987688
31.55 -1
31.555 -0.987688
31.56 -0.951057
31.565 -0.891007
31.57 -0.809017
31.575 -0.707107
31.58 -0.587785
31.585 -0.45399
31.59 -0.309017
31.595 -0.156434
31.6 3.935e-15
31.605 0.156434
31.61 0.309017
31.615 0.45399
31.62 0.587785
31.625 0.707107
31.63 0.809017
31.635 0.891007
31.64 0.951057
31.645 0.987688
31.65 1
31.655 0.987688
31.66 0.951057
31.665 0.891007
31.67 0.809017
31.675 0.707107
31.68 0.587785
31.685 0.45399
31.69 0.309017
31.695 0.156434
31.7 6.8456e-15
31.705 -0.156434
31.71 -0.309017
31.715 -0.45399
31.72 -0.587785
31.725 -0.707107
31.73 -0.809017
31.735 -0.891007
31.74 -0.951057
31.745 -0.987688
31.75 -1
31.755 -0.987688
31.76 -0.951057
31.765 -0.891007
31.77 -0.809017
31.775 -0.707107
31.78 -0.587785
31.785 -0.45399
31.79 -0.309017
31.795 -0.156434
31.8 -1.76262e-14
31.805 0.156434
31.81 0.309017
31.815 0.45399
31.82 0.587785
31.825 0.707107
31.83 0.809017
31.835 0.891007
31.84 0.951057
31.845 0.987688
31.85 1
31.855 0.987688
31.86 0.951057
31.865 0.891007
31.87 0.809017
31.875 0.707107
31.88 0.587785
31.885 0.45399
31.89 0.309017
31.895 0.156434
31.9 2.84068e-14
31.905 -0.156434
31.91 -0.309017
31.915 -0.45399
31.92 -0.587785
31.925 -0.707107
31.93 -0.809017
31.935 -0.891007
31.94 -0.951057
31.945 -0.987688
31.95 -1
31.955 -0.987688
31.96 -0.951057
31.965 -0.891007
31.97 -0.809017
31.975 -0.707107
31.98 -0.587785
31.985 -0.45399
31.99 -0.309017
31.995 -0.156434
